2017/01/03, 9266.000000, 9282.000000, 9231.000000, 9280.000000, 89236
2017/01/04, 9281.000000, 9295.000000, 9261.000000, 9271.000000, 87205
2017/01/05, 9270.000000, 9354.000000, 9266.000000, 9342.000000, 118916
2017/01/06, 9353.000000, 9375.000000, 9338.000000, 9365.000000, 66823
2017/01/09, 9379.000000, 9409.000000, 9325.000000, 9342.000000, 112414
2017/01/10, 9332.000000, 9350.000000, 9320.000000, 9341.000000, 75316
2017/01/11, 9395.000000, 9396.000000, 9333.000000, 9337.000000, 90570
2017/01/12, 9353.000000, 9433.000000, 9350.000000, 9411.000000, 112809
2017/01/13, 9388.000000, 9397.000000, 9361.000000, 9375.000000, 78877
2017/01/16, 9360.000000, 9362.000000, 9274.000000, 9285.000000, 112062
2017/01/17, 9282.000000, 9344.000000, 9280.000000, 9340.000000, 73933
2017/01/18, 9336.000000, 9349.000000, 9314.000000, 9340.000000, 53006
2017/01/19, 9337.000000, 9342.000000, 9254.000000, 9304.000000, 123119
2017/01/20, 9283.000000, 9338.000000, 9278.000000, 9330.000000, 77047
2017/01/23, 9319.000000, 9423.000000, 9318.000000, 9407.000000, 99677
2017/01/24, 9423.000000, 9464.000000, 9405.000000, 9442.000000, 78507
2017/02/02, 9500.000000, 9510.000000, 9375.000000, 9375.000000, 137809
2017/02/03, 9418.000000, 9458.000000, 9408.000000, 9437.000000, 94742
2017/02/06, 9477.000000, 9533.000000, 9441.000000, 9505.000000, 116683
2017/02/07, 9499.000000, 9525.000000, 9482.000000, 9520.000000, 70124
2017/02/08, 9513.000000, 9535.000000, 9463.000000, 9515.000000, 110459
2017/02/09, 9518.000000, 9579.000000, 9505.000000, 9574.000000, 104088
2017/02/10, 9600.000000, 9681.000000, 9586.000000, 9657.000000, 126945
2017/02/13, 9670.000000, 9705.000000, 9661.000000, 9704.000000, 91609
2017/02/14, 9729.000000, 9758.000000, 9695.000000, 9708.000000, 126818
2017/02/15, 9726.000000, 9801.000000, 9722.000000, 9799.000000, 65323
2017/02/16, 9819.000000, 9852.000000, 9758.000000, 9770.000000, 135167
2017/02/17, 9760.000000, 9786.000000, 9747.000000, 9763.000000, 77126
2017/02/18, 9778.000000, 9789.000000, 9772.000000, 9786.000000, 23259
2017/02/20, 9786.000000, 9814.000000, 9737.000000, 9766.000000, 101190
2017/02/21, 9777.000000, 9785.000000, 9728.000000, 9767.000000, 99758
2017/02/22, 9783.000000, 9827.000000, 9767.000000, 9783.000000, 121402
2017/02/23, 9780.000000, 9820.000000, 9755.000000, 9773.000000, 115155
2017/02/24, 9770.000000, 9786.000000, 9730.000000, 9760.000000, 99500
2017/03/01, 9766.000000, 9770.000000, 9678.000000, 9683.000000, 137742
2017/03/02, 9761.000000, 9784.000000, 9643.000000, 9691.000000, 158761
2017/03/03, 9648.000000, 9672.000000, 9623.000000, 9630.000000, 121760
2017/03/06, 9639.000000, 9684.000000, 9619.000000, 9682.000000, 98122
2017/03/07, 9693.000000, 9734.000000, 9682.000000, 9728.000000, 94350
2017/03/08, 9736.000000, 9765.000000, 9701.000000, 9746.000000, 113305
2017/03/09, 9739.000000, 9742.000000, 9642.000000, 9649.000000, 138633
2017/03/10, 9647.000000, 9652.000000, 9555.000000, 9624.000000, 153828
2017/03/13, 9644.000000, 9698.000000, 9643.000000, 9693.000000, 109261
2017/03/14, 9713.000000, 9767.000000, 9711.000000, 9748.000000, 101680
2017/03/15, 9742.000000, 9752.000000, 9715.000000, 9733.000000, 64312
2017/03/16, 9805.000000, 9852.000000, 9782.000000, 9840.000000, 123851
2017/03/17, 9850.000000, 9896.000000, 9837.000000, 9889.000000, 95061
2017/03/20, 9871.000000, 9908.000000, 9855.000000, 9896.000000, 87338
2017/03/21, 9926.000000, 9980.000000, 9916.000000, 9963.000000, 116787
2017/03/22, 9890.000000, 9907.000000, 9851.000000, 9896.000000, 130928
2017/03/23, 9941.000000, 9952.000000, 9879.000000, 9909.000000, 124451
2017/03/24, 9927.000000, 9928.000000, 9883.000000, 9900.000000, 100291
2017/03/27, 9878.000000, 9917.000000, 9844.000000, 9866.000000, 121091
2017/03/28, 9920.000000, 9927.000000, 9805.000000, 9884.000000, 180269
2017/03/29, 9902.000000, 9904.000000, 9851.000000, 9860.000000, 112140
2017/03/30, 9864.000000, 9888.000000, 9834.000000, 9848.000000, 101694
2017/03/31, 9858.000000, 9872.000000, 9812.000000, 9821.000000, 97882
2017/04/05, 9849.000000, 9968.000000, 9843.000000, 9962.000000, 138209
2017/04/06, 9930.000000, 9941.000000, 9880.000000, 9895.000000, 110268
2017/04/07, 9903.000000, 9905.000000, 9772.000000, 9861.000000, 202498
2017/04/10, 9868.000000, 9892.000000, 9843.000000, 9875.000000, 93736
2017/04/11, 9866.000000, 9895.000000, 9807.000000, 9817.000000, 156650
2017/04/12, 9818.000000, 9830.000000, 9776.000000, 9814.000000, 119503
2017/04/13, 9802.000000, 9869.000000, 9792.000000, 9845.000000, 141120
2017/04/14, 9806.000000, 9808.000000, 9711.000000, 9716.000000, 163674
2017/04/17, 9740.000000, 9754.000000, 9680.000000, 9721.000000, 136933
2017/04/18, 9757.000000, 9772.000000, 9721.000000, 9736.000000, 104750
2017/04/19, 9700.000000, 9707.000000, 9632.000000, 9639.000000, 101447
2017/04/20, 9598.000000, 9640.000000, 9584.000000, 9615.000000, 114207
2017/04/21, 9665.000000, 9706.000000, 9655.000000, 9698.000000, 109943
2017/04/24, 9747.000000, 9766.000000, 9684.000000, 9706.000000, 124572
2017/04/25, 9746.000000, 9827.000000, 9728.000000, 9814.000000, 139342
2017/04/26, 9855.000000, 9871.000000, 9826.000000, 9842.000000, 120356
2017/04/27, 9829.000000, 9850.000000, 9808.000000, 9838.000000, 94487
2017/04/28, 9847.000000, 9884.000000, 9834.000000, 9856.000000, 106549
2017/05/02, 9899.000000, 9950.000000, 9897.000000, 9930.000000, 104252
2017/05/03, 9946.000000, 9966.000000, 9934.000000, 9937.000000, 77301
2017/05/04, 9951.000000, 9965.000000, 9918.000000, 9959.000000, 86878
2017/05/05, 9946.000000, 9951.000000, 9879.000000, 9886.000000, 109415
2017/05/08, 9929.000000, 9959.000000, 9895.000000, 9921.000000, 103500
2017/05/09, 9916.000000, 9994.000000, 9898.000000, 9902.000000, 165165
2017/05/10, 9938.000000, 9959.000000, 9918.000000, 9948.000000, 92373
2017/05/11, 9962.000000, 9997.000000, 9946.000000, 9988.000000, 119264
2017/05/12, 9982.000000, 9996.000000, 9966.000000, 9981.000000, 83175
2017/05/15, 9990.000000, 10031.000000, 9975.000000, 10025.000000, 83946
2017/05/16, 10040.000000, 10054.000000, 10000.000000, 10021.000000, 93791
2017/05/17, 9993.000000, 10022.000000, 9975.000000, 10000.000000, 69148
2017/05/18, 9903.000000, 9958.000000, 9878.000000, 9951.000000, 130044
2017/05/19, 9968.000000, 9973.000000, 9931.000000, 9932.000000, 75358
2017/05/22, 9965.000000, 9980.000000, 9942.000000, 9974.000000, 83689
2017/05/23, 9984.000000, 10017.000000, 9968.000000, 9994.000000, 96906
2017/05/24, 10007.000000, 10030.000000, 9998.000000, 10020.000000, 79224
2017/05/25, 10042.000000, 10110.000000, 10040.000000, 10107.000000, 98165
2017/05/26, 10130.000000, 10131.000000, 10080.000000, 10093.000000, 103085
2017/05/31, 10085.000000, 10105.000000, 10023.000000, 10029.000000, 109585
2017/06/01, 10030.000000, 10075.000000, 10023.000000, 10070.000000, 85943
2017/06/02, 10113.000000, 10137.000000, 10105.000000, 10134.000000, 91916
2017/06/03, 10147.000000, 10160.000000, 10137.000000, 10156.000000, 23817
2017/06/05, 10148.000000, 10207.000000, 10115.000000, 10202.000000, 108333
2017/06/06, 10196.000000, 10206.000000, 10184.000000, 10185.000000, 63177
2017/06/07, 10180.000000, 10229.000000, 10165.000000, 10191.000000, 113555
2017/06/08, 10204.000000, 10218.000000, 10184.000000, 10212.000000, 71957
2017/06/09, 10230.000000, 10252.000000, 10186.000000, 10191.000000, 101748
2017/06/12, 10129.000000, 10159.000000, 10110.000000, 10118.000000, 109974
2017/06/13, 10123.000000, 10143.000000, 10106.000000, 10136.000000, 90263
2017/06/14, 10161.000000, 10165.000000, 10021.000000, 10062.000000, 168331
2017/06/15, 10051.000000, 10075.000000, 10018.000000, 10072.000000, 109182
2017/06/16, 10078.000000, 10159.000000, 10061.000000, 10146.000000, 126509
2017/06/19, 10164.000000, 10251.000000, 10160.000000, 10240.000000, 105179
2017/06/20, 10276.000000, 10353.000000, 10268.000000, 10322.000000, 119762
2017/06/21, 10273.000000, 10371.000000, 10267.000000, 10369.000000, 93556
2017/06/22, 10198.000000, 10234.000000, 10174.000000, 10231.000000, 116301
2017/06/23, 10221.000000, 10245.000000, 10193.000000, 10215.000000, 100716
2017/06/26, 10207.000000, 10395.000000, 10202.000000, 10381.000000, 187610
2017/06/27, 10390.000000, 10412.000000, 10353.000000, 10368.000000, 113890
2017/06/28, 10303.000000, 10342.000000, 10247.000000, 10261.000000, 160225
2017/06/29, 10325.000000, 10356.000000, 10260.000000, 10295.000000, 129216
2017/06/30, 10220.000000, 10263.000000, 10196.000000, 10252.000000, 122915
2017/07/03, 10260.000000, 10289.000000, 10231.000000, 10288.000000, 106012
2017/07/04, 10303.000000, 10306.000000, 10210.000000, 10215.000000, 140078
2017/07/05, 10215.000000, 10304.000000, 10171.000000, 10299.000000, 165617
2017/07/06, 10323.000000, 10329.000000, 10237.000000, 10267.000000, 130629
2017/07/07, 10225.000000, 10246.000000, 10195.000000, 10202.000000, 120427
2017/07/10, 10226.000000, 10242.000000, 10180.000000, 10209.000000, 111327
2017/07/11, 10232.000000, 10356.000000, 10228.000000, 10342.000000, 139462
2017/07/12, 10346.000000, 10383.000000, 10330.000000, 10339.000000, 112905
2017/07/13, 10393.000000, 10442.000000, 10371.000000, 10419.000000, 140754
2017/07/14, 10420.000000, 10424.000000, 10391.000000, 10403.000000, 75528
2017/07/17, 10458.000000, 10480.000000, 10414.000000, 10435.000000, 109780
2017/07/18, 10427.000000, 10466.000000, 10407.000000, 10462.000000, 79345
2017/07/19, 10479.000000, 10541.000000, 10471.000000, 10500.000000, 89397
2017/07/20, 10411.000000, 10420.000000, 10370.000000, 10391.000000, 93447
2017/07/21, 10378.000000, 10383.000000, 10324.000000, 10328.000000, 97359
2017/07/24, 10300.000000, 10364.000000, 10285.000000, 10360.000000, 97342
2017/07/25, 10373.000000, 10387.000000, 10338.000000, 10362.000000, 90941
2017/07/26, 10386.000000, 10421.000000, 10320.000000, 10330.000000, 140062
2017/07/27, 10365.000000, 10462.000000, 10362.000000, 10447.000000, 131031
2017/07/28, 10395.000000, 10403.000000, 10324.000000, 10339.000000, 128645
2017/07/31, 10333.000000, 10363.000000, 10289.000000, 10355.000000, 108337
2017/08/01, 10368.000000, 10424.000000, 10361.000000, 10367.000000, 124984
2017/08/02, 10420.000000, 10471.000000, 10415.000000, 10453.000000, 119144
2017/08/03, 10420.000000, 10430.000000, 9408.000000, 10407.000000, 135087
2017/08/04, 10401.000000, 10456.000000, 10401.000000, 10439.000000, 82435
2017/08/07, 10476.000000, 10539.000000, 10475.000000, 10530.000000, 91260
2017/08/08, 10558.000000, 10567.000000, 10485.000000, 10525.000000, 116705
2017/08/09, 10466.000000, 10497.000000, 10436.000000, 10455.000000, 139245
2017/08/10, 10477.000000, 10484.000000, 10308.000000, 10330.000000, 188726
2017/08/11, 10228.000000, 10326.000000, 10225.000000, 10301.000000, 141132
2017/08/14, 10344.000000, 10357.000000, 10223.000000, 10229.000000, 148497
2017/08/15, 10310.000000, 10331.000000, 10261.000000, 10308.000000, 125632
2017/08/16, 10277.000000, 10319.000000, 10235.000000, 10254.000000, 105973
2017/08/17, 10258.000000, 10324.000000, 10245.000000, 10296.000000, 124543
2017/08/18, 10230.000000, 10265.000000, 10200.000000, 10257.000000, 142696
2017/08/21, 10259.000000, 10280.000000, 10217.000000, 10269.000000, 107844
2017/08/22, 10316.000000, 10369.000000, 10305.000000, 10349.000000, 110812
2017/08/23, 10401.000000, 10414.000000, 10341.000000, 10359.000000, 132892
2017/08/24, 10372.000000, 10460.000000, 10365.000000, 10447.000000, 117428
2017/08/25, 10471.000000, 10490.000000, 10431.000000, 10487.000000, 106594
2017/08/28, 10466.000000, 10515.000000, 10457.000000, 10489.000000, 104304
2017/08/29, 10451.000000, 10478.000000, 10421.000000, 10464.000000, 124969
2017/08/30, 10508.000000, 10552.000000, 10493.000000, 10530.000000, 133800
2017/08/31, 10560.000000, 10581.000000, 10532.000000, 10550.000000, 118821
2017/09/01, 10571.000000, 10598.000000, 10540.000000, 10574.000000, 100082
2017/09/04, 10550.000000, 10579.000000, 10533.000000, 10552.000000, 92135
2017/09/05, 10575.000000, 10590.000000, 10528.000000, 10582.000000, 110758
2017/09/06, 10540.000000, 10570.000000, 10483.000000, 10520.000000, 151733
2017/09/07, 10551.000000, 10568.000000, 10477.000000, 10491.000000, 135371
2017/09/08, 10501.000000, 10571.000000, 10495.000000, 10551.000000, 134328
2017/09/11, 10628.000000, 10635.000000, 10535.000000, 10563.000000, 148759
2017/09/12, 10604.000000, 10614.000000, 10564.000000, 10589.000000, 108403
2017/09/13, 10595.000000, 10603.000000, 10510.000000, 10521.000000, 136211
2017/09/14, 10520.000000, 10545.000000, 10486.000000, 10529.000000, 107249
2017/09/15, 10528.000000, 10570.000000, 10491.000000, 10566.000000, 133194
2017/09/18, 10605.000000, 10649.000000, 10582.000000, 10635.000000, 116958
2017/09/19, 10647.000000, 10658.000000, 10568.000000, 10579.000000, 123845
2017/09/20, 10572.000000, 10585.000000, 10490.000000, 10510.000000, 108522
2017/09/21, 10505.000000, 10583.000000, 10473.000000, 10573.000000, 133103
2017/09/22, 10554.000000, 10568.000000, 10427.000000, 10432.000000, 168104
2017/09/25, 10426.000000, 10453.000000, 10315.000000, 10332.000000, 164556
2017/09/26, 10299.000000, 10369.000000, 10261.000000, 10263.000000, 164595
2017/09/27, 10300.000000, 10340.000000, 10290.000000, 10323.000000, 130040
2017/09/28, 10349.000000, 10350.000000, 10266.000000, 10305.000000, 160016
2017/09/29, 10299.000000, 10328.000000, 10263.000000, 10318.000000, 128673
2017/09/30, 10360.000000, 10394.000000, 10354.000000, 10379.000000, 45431
2017/10/02, 10392.000000, 10458.000000, 10386.000000, 10450.000000, 108406
2017/10/03, 10470.000000, 10475.000000, 10427.000000, 10463.000000, 109813
2017/10/05, 10460.000000, 10519.000000, 10438.000000, 10505.000000, 109576
2017/10/06, 10537.000000, 10542.000000, 10496.000000, 10523.000000, 92112
2017/10/11, 10556.000000, 10648.000000, 10555.000000, 10632.000000, 166297
2017/10/12, 10657.000000, 10705.000000, 10640.000000, 10697.000000, 99010
2017/10/13, 10688.000000, 10713.000000, 10670.000000, 10710.000000, 73052
2017/10/16, 10745.000000, 10763.000000, 10710.000000, 10756.000000, 98363
2017/10/17, 10776.000000, 10781.000000, 10720.000000, 10722.000000, 99764
2017/10/18, 10745.000000, 10783.000000, 10686.000000, 10728.000000, 93458
2017/10/19, 10748.000000, 10800.000000, 10733.000000, 10761.000000, 119786
2017/10/20, 10736.000000, 10764.000000, 10700.000000, 10729.000000, 115372
2017/10/23, 10764.000000, 10786.000000, 10720.000000, 10736.000000, 115089
2017/10/24, 10725.000000, 10758.000000, 10709.000000, 10744.000000, 90169
2017/10/25, 10769.000000, 10782.000000, 10728.000000, 10738.000000, 118805
2017/10/26, 10715.000000, 10750.000000, 10693.000000, 10726.000000, 100669
2017/10/27, 10748.000000, 10792.000000, 10684.000000, 10710.000000, 146568
2017/10/30, 10763.000000, 10820.000000, 10724.000000, 10745.000000, 156335
2017/10/31, 10754.000000, 10800.000000, 10730.000000, 10782.000000, 119750
2017/11/01, 10820.000000, 10826.000000, 10775.000000, 10808.000000, 119465
2017/11/02, 10770.000000, 10806.000000, 10758.000000, 10781.000000, 104947
2017/11/03, 10806.000000, 10810.000000, 10747.000000, 10787.000000, 108240
2017/11/06, 10793.000000, 10828.000000, 10745.000000, 10771.000000, 131588
2017/11/07, 10789.000000, 10825.000000, 10778.000000, 10823.000000, 100434
2017/11/08, 10810.000000, 10824.000000, 10796.000000, 10805.000000, 76946
2017/11/09, 10812.000000, 10823.000000, 10706.000000, 10722.000000, 155332
2017/11/10, 10687.000000, 10737.000000, 10662.000000, 10728.000000, 109959
2017/11/13, 10710.000000, 10726.000000, 10688.000000, 10691.000000, 107289
2017/11/14, 10695.000000, 10715.000000, 10638.000000, 10684.000000, 117625
2017/11/15, 10645.000000, 10658.000000, 10602.000000, 10638.000000, 99354
2017/11/16, 10587.000000, 10634.000000, 10579.000000, 10617.000000, 94260
2017/11/17, 10690.000000, 10710.000000, 10672.000000, 10703.000000, 121587
2017/11/20, 10714.000000, 10719.000000, 10654.000000, 10666.000000, 99685
2017/11/21, 10695.000000, 10788.000000, 10682.000000, 10785.000000, 131579
2017/11/22, 10825.000000, 10877.000000, 10807.000000, 10826.000000, 146092
2017/11/23, 10826.000000, 10857.000000, 10810.000000, 10854.000000, 79593
2017/11/24, 10841.000000, 10856.000000, 10829.000000, 10854.000000, 62187
2017/11/27, 10841.000000, 10848.000000, 10737.000000, 10749.000000, 133070
2017/11/28, 10735.000000, 10753.000000, 10695.000000, 10708.000000, 126676
2017/11/29, 10747.000000, 10763.000000, 10708.000000, 10728.000000, 109201
2017/11/30, 10650.000000, 10658.000000, 10569.000000, 10576.000000, 165820
2017/12/01, 10607.000000, 10664.000000, 10495.000000, 10603.000000, 198598
2017/12/04, 10604.000000, 10651.000000, 10564.000000, 10649.000000, 140672
2017/12/05, 10595.000000, 10627.000000, 10546.000000, 10571.000000, 158250
2017/12/06, 10540.000000, 10557.000000, 10375.000000, 10384.000000, 201996
2017/12/07, 10388.000000, 10427.000000, 10331.000000, 10365.000000, 167915
2017/12/08, 10388.000000, 10413.000000, 10336.000000, 10396.000000, 142839
2017/12/11, 10416.000000, 10497.000000, 10415.000000, 10478.000000, 119690
2017/12/12, 10496.000000, 10498.000000, 10386.000000, 10431.000000, 133572
2017/12/13, 10433.000000, 10475.000000, 10421.000000, 10450.000000, 116522
2017/12/14, 10508.000000, 10582.000000, 10498.000000, 10527.000000, 134461
2017/12/15, 10510.000000, 10515.000000, 10421.000000, 10485.000000, 162806
2017/12/18, 10527.000000, 10531.000000, 10456.000000, 10501.000000, 112036
2017/12/19, 10522.000000, 10530.000000, 10443.000000, 10457.000000, 128826
2017/12/20, 10457.000000, 10509.000000, 10457.000000, 10497.000000, 86646
2017/12/21, 10492.000000, 10539.000000, 10475.000000, 10495.000000, 120007
2017/12/22, 10498.000000, 10535.000000, 10473.000000, 10533.000000, 83694
2017/12/25, 10549.000000, 10564.000000, 10520.000000, 10525.000000, 73241
2017/12/26, 10540.000000, 10541.000000, 10406.000000, 10417.000000, 148566
2017/12/27, 10398.000000, 10485.000000, 10393.000000, 10474.000000, 115663
2017/12/28, 10495.000000, 10593.000000, 10494.000000, 10561.000000, 143577
2017/12/29, 10593.000000, 10644.000000, 10576.000000, 10633.000000, 122552
2018/01/02, 10629.000000, 10710.000000, 10621.000000, 10708.000000, 108552
2018/01/03, 10748.000000, 10797.000000, 10729.000000, 10788.000000, 120120
2018/01/04, 10831.000000, 10840.000000, 10770.000000, 10837.000000, 119154
2018/01/05, 10838.000000, 10867.000000, 10801.000000, 10858.000000, 110621
2018/01/08, 10886.000000, 10900.000000, 10843.000000, 10884.000000, 106397
2018/01/09, 10889.000000, 10909.000000, 10850.000000, 10879.000000, 96835
2018/01/10, 10885.000000, 10904.000000, 10806.000000, 10810.000000, 130672
2018/01/11, 10808.000000, 10834.000000, 10765.000000, 10799.000000, 133798
2018/01/12, 10824.000000, 10898.000000, 10818.000000, 10876.000000, 114219
2018/01/15, 10930.000000, 10958.000000, 10902.000000, 10956.000000, 106816
2018/01/16, 10939.000000, 10986.000000, 10918.000000, 10983.000000, 93849
2018/01/17, 10955.000000, 11024.000000, 10940.000000, 11020.000000, 82191
2018/01/18, 11063.000000, 11137.000000, 11036.000000, 11058.000000, 178476
2018/01/19, 11096.000000, 11142.000000, 11080.000000, 11138.000000, 106341
2018/01/22, 11136.000000, 11225.000000, 11113.000000, 11222.000000, 139739
2018/01/23, 11241.000000, 11253.000000, 11181.000000, 11225.000000, 152175
2018/01/24, 11199.000000, 11203.000000, 11090.000000, 11125.000000, 171869
2018/01/25, 11117.000000, 11271.000000, 11116.000000, 11149.000000, 207666
2018/01/26, 11170.000000, 11186.000000, 11079.000000, 11144.000000, 172877
2018/01/29, 11215.000000, 11238.000000, 11155.000000, 11197.000000, 138828
2018/01/30, 11164.000000, 11190.000000, 11065.000000, 11065.000000, 176688
2018/01/31, 11050.000000, 11144.000000, 11017.000000, 11098.000000, 190828
2018/02/01, 11127.000000, 11199.000000, 11112.000000, 11160.000000, 140088
2018/02/02, 11111.000000, 11132.000000, 11041.000000, 11114.000000, 175496
2018/02/05, 10888.000000, 10952.000000, 10848.000000, 10927.000000, 185505
2018/02/06, 10643.000000, 10663.000000, 10242.000000, 10396.000000, 407672
2018/02/07, 10600.000000, 10669.000000, 10510.000000, 10518.000000, 234769
2018/02/08, 10526.000000, 10595.000000, 10492.000000, 10518.000000, 174522
2018/02/09, 10203.000000, 10368.000000, 10121.000000, 10353.000000, 237538
2018/02/12, 10420.000000, 10438.000000, 10377.000000, 10413.000000, 132990
2018/02/21, 10630.000000, 10718.000000, 10591.000000, 10705.000000, 84324
2018/02/22, 10646.000000, 10655.000000, 10593.000000, 10624.000000, 124192
2018/02/23, 10680.000000, 10789.000000, 10676.000000, 10782.000000, 131482
2018/02/26, 10867.000000, 10868.000000, 10801.000000, 10820.000000, 100846
2018/02/27, 10890.000000, 10914.000000, 10784.000000, 10789.000000, 118647
2018/03/01, 10604.000000, 10778.000000, 10600.000000, 10734.000000, 150448
2018/03/02, 10614.000000, 10696.000000, 10579.000000, 10678.000000, 166594
2018/03/05, 10695.000000, 10741.000000, 10598.000000, 10632.000000, 172783
2018/03/06, 10730.000000, 10789.000000, 10712.000000, 10786.000000, 142349
2018/03/07, 10712.000000, 10817.000000, 10700.000000, 10708.000000, 158950
2018/03/08, 10778.000000, 10847.000000, 10767.000000, 10827.000000, 119597
2018/03/09, 10906.000000, 10910.000000, 10827.000000, 10862.000000, 128227
2018/03/12, 10965.000000, 11025.000000, 10948.000000, 11022.000000, 121695
2018/03/13, 11028.000000, 11103.000000, 11013.000000, 11099.000000, 108725
2018/03/14, 11048.000000, 11066.000000, 11003.000000, 11030.000000, 126694
2018/03/15, 10994.000000, 11068.000000, 10985.000000, 11041.000000, 108764
2018/03/16, 11038.000000, 11043.000000, 10923.000000, 11016.000000, 182422
2018/03/19, 10975.000000, 11054.000000, 10959.000000, 11026.000000, 123878
2018/03/20, 10973.000000, 11025.000000, 10957.000000, 11011.000000, 100930
2018/03/21, 11030.000000, 11073.000000, 11011.000000, 11045.000000, 77982
2018/03/22, 11036.000000, 11122.000000, 10961.000000, 10990.000000, 192202
2018/03/23, 10730.000000, 10816.000000, 10718.000000, 10733.000000, 178541
2018/03/26, 10693.000000, 10847.000000, 10682.000000, 10840.000000, 147841
2018/03/27, 10948.000000, 10991.000000, 10906.000000, 10989.000000, 131427
2018/03/28, 10879.000000, 10910.000000, 10809.000000, 10819.000000, 155278
2018/03/29, 10830.000000, 10859.000000, 10773.000000, 10840.000000, 149208
2018/03/30, 10921.000000, 10974.000000, 10904.000000, 10918.000000, 111895
2018/03/31, 10947.000000, 10949.000000, 10912.000000, 10924.000000, 24160
2018/04/02, 10920.000000, 10958.000000, 10843.000000, 10863.000000, 137892
2018/04/03, 10774.000000, 10807.000000, 10738.000000, 10783.000000, 133944
2018/04/09, 10838.000000, 10911.000000, 10813.000000, 10903.000000, 155895
2018/04/10, 10874.000000, 10993.000000, 10852.000000, 10948.000000, 172300
2018/04/11, 10959.000000, 11007.000000, 10948.000000, 10977.000000, 118375
2018/04/12, 10993.000000, 11024.000000, 10905.000000, 10942.000000, 144872
2018/04/13, 10966.000000, 10988.000000, 10920.000000, 10957.000000, 109150
2018/04/16, 10975.000000, 10976.000000, 10908.000000, 10942.000000, 116688
2018/04/17, 10958.000000, 10963.000000, 10802.000000, 10807.000000, 140945
2018/04/18, 10849.000000, 10909.000000, 10789.000000, 10846.000000, 104645
2018/04/19, 10856.000000, 10975.000000, 10852.000000, 10967.000000, 146730
2018/04/20, 10869.000000, 10870.000000, 10776.000000, 10786.000000, 168330
2018/04/23, 10731.000000, 10767.000000, 10687.000000, 10691.000000, 143144
2018/04/24, 10692.000000, 10694.000000, 10547.000000, 10585.000000, 185922
2018/04/25, 10487.000000, 10558.000000, 10468.000000, 10535.000000, 167247
2018/04/26, 10601.000000, 10621.000000, 10470.000000, 10475.000000, 173487
2018/04/27, 10561.000000, 10565.000000, 10483.000000, 10560.000000, 138887
2018/04/30, 10593.000000, 10655.000000, 10537.000000, 10653.000000, 132816
2018/05/02, 10631.000000, 10670.000000, 10597.000000, 10609.000000, 119118
2018/05/03, 10560.000000, 10575.000000, 10488.000000, 10506.000000, 145420
2018/05/04, 10506.000000, 10544.000000, 10468.000000, 10522.000000, 146153
2018/05/07, 10599.000000, 10615.000000, 10529.000000, 10594.000000, 139296
2018/05/08, 10597.000000, 10672.000000, 10580.000000, 10667.000000, 120418
2018/05/09, 10685.000000, 10731.000000, 10666.000000, 10703.000000, 138089
2018/05/10, 10732.000000, 10771.000000, 10723.000000, 10763.000000, 115946
2018/05/11, 10818.000000, 10865.000000, 10806.000000, 10860.000000, 119296
2018/05/14, 10926.000000, 10968.000000, 10891.000000, 10956.000000, 112558
2018/05/15, 10946.000000, 10961.000000, 10857.000000, 10866.000000, 116568
2018/05/16, 10845.000000, 10907.000000, 10839.000000, 10872.000000, 86049
2018/05/17, 10920.000000, 10928.000000, 10823.000000, 10824.000000, 125652
2018/05/18, 10834.000000, 10873.000000, 10805.000000, 10819.000000, 109276
2018/05/21, 10865.000000, 10966.000000, 10863.000000, 10963.000000, 101155
2018/05/22, 10969.000000, 10999.000000, 10913.000000, 10920.000000, 114528
2018/05/23, 10933.000000, 10998.000000, 10855.000000, 10857.000000, 137646
2018/05/24, 10879.000000, 10923.000000, 10851.000000, 10917.000000, 113066
2018/05/25, 10921.000000, 10956.000000, 10890.000000, 10932.000000, 107199
2018/05/28, 10979.000000, 10989.000000, 10937.000000, 10983.000000, 93137
2018/05/29, 10979.000000, 10982.000000, 10896.000000, 10929.000000, 118924
2018/05/30, 10833.000000, 10848.000000, 10761.000000, 10776.000000, 151456
2018/05/31, 10836.000000, 10870.000000, 10821.000000, 10865.000000, 124620
2018/06/01, 10854.000000, 10925.000000, 10844.000000, 10914.000000, 111926
2018/06/04, 10976.000000, 11095.000000, 10976.000000, 11084.000000, 108953
2018/06/05, 11101.000000, 11118.000000, 11035.000000, 11069.000000, 119500
2018/06/06, 11095.000000, 11210.000000, 11088.000000, 11198.000000, 131773
2018/06/07, 11245.000000, 11253.000000, 11174.000000, 11227.000000, 127192
2018/06/08, 11205.000000, 11215.000000, 11103.000000, 11125.000000, 122468
2018/06/11, 11151.000000, 11173.000000, 11098.000000, 11128.000000, 104144
2018/06/12, 11148.000000, 11152.000000, 11054.000000, 11141.000000, 159260
2018/06/13, 11152.000000, 11169.000000, 11095.000000, 11146.000000, 113977
2018/06/14, 11101.000000, 11106.000000, 10985.000000, 10985.000000, 137380
2018/06/15, 11001.000000, 11075.000000, 10961.000000, 11054.000000, 129640
2018/06/19, 10943.000000, 10958.000000, 10875.000000, 10875.000000, 135892
2018/06/20, 10904.000000, 10951.000000, 10850.000000, 10936.000000, 106492
2018/06/21, 10725.000000, 10745.000000, 10688.000000, 10707.000000, 130209
2018/06/22, 10630.000000, 10685.000000, 10581.000000, 10655.000000, 139744
2018/06/25, 10624.000000, 10660.000000, 10584.000000, 10584.000000, 122273
2018/06/26, 10550.000000, 10596.000000, 10484.000000, 10592.000000, 167414
2018/06/27, 10585.000000, 10625.000000, 10538.000000, 10556.000000, 134419
2018/06/28, 10513.000000, 10578.000000, 10484.000000, 10523.000000, 150236
2018/06/29, 10541.000000, 10692.000000, 10526.000000, 10677.000000, 155619
2018/07/02, 10680.000000, 10719.000000, 10609.000000, 10610.000000, 141718
2018/07/03, 10651.000000, 10717.000000, 10544.000000, 10621.000000, 221005
2018/07/04, 10598.000000, 10639.000000, 10584.000000, 10617.000000, 130993
2018/07/05, 10624.000000, 10633.000000, 10488.000000, 10501.000000, 191738
2018/07/06, 10535.000000, 10556.000000, 10414.000000, 10538.000000, 218759
2018/07/09, 10583.000000, 10676.000000, 10582.000000, 10662.000000, 146543
2018/07/10, 10733.000000, 10744.000000, 10680.000000, 10708.000000, 122141
2018/07/11, 10608.000000, 10656.000000, 10574.000000, 10614.000000, 177658
2018/07/12, 10640.000000, 10750.000000, 10609.000000, 10738.000000, 145982
2018/07/13, 10808.000000, 10850.000000, 10768.000000, 10848.000000, 127089
2018/07/16, 10854.000000, 10874.000000, 10807.000000, 10813.000000, 115043
2018/07/17, 10809.000000, 10819.000000, 10756.000000, 10769.000000, 123089
2018/07/18, 10829.000000, 10872.000000, 10791.000000, 10844.000000, 87669
2018/07/19, 10756.000000, 10792.000000, 10708.000000, 10720.000000, 142214
2018/07/20, 10774.000000, 10847.000000, 10765.000000, 10824.000000, 191563
2018/07/23, 10846.000000, 10864.000000, 10794.000000, 10829.000000, 142475
2018/07/24, 10841.000000, 10880.000000, 10802.000000, 10871.000000, 115303
2018/07/25, 10860.000000, 10892.000000, 10851.000000, 10864.000000, 96247
2018/07/26, 10909.000000, 10926.000000, 10873.000000, 10914.000000, 117116
2018/07/27, 10928.000000, 10995.000000, 10918.000000, 10991.000000, 111648
2018/07/30, 10970.000000, 11007.000000, 10937.000000, 10939.000000, 117665
2018/07/31, 10931.000000, 10997.000000, 10913.000000, 10990.000000, 116618
2018/08/01, 11034.000000, 11057.000000, 11010.000000, 11044.000000, 96025
2018/08/02, 11048.000000, 11048.000000, 10862.000000, 10872.000000, 168805
2018/08/03, 10934.000000, 10977.000000, 10928.000000, 10967.000000, 107878
2018/08/06, 10990.000000, 11036.000000, 10956.000000, 10980.000000, 133393
2018/08/07, 10986.000000, 11003.000000, 10951.000000, 10968.000000, 103882
2018/08/08, 11000.000000, 11070.000000, 10997.000000, 11047.000000, 115627
2018/08/09, 11031.000000, 11038.000000, 10969.000000, 11017.000000, 117175
2018/08/10, 10970.000000, 11022.000000, 10953.000000, 10961.000000, 117058
2018/08/13, 10909.000000, 10912.000000, 10692.000000, 10756.000000, 204438
2018/08/14, 10791.000000, 10831.000000, 10756.000000, 10818.000000, 121847
2018/08/15, 10835.000000, 10841.000000, 10696.000000, 10737.000000, 110318
2018/08/16, 10610.000000, 10724.000000, 10591.000000, 10687.000000, 160423
2018/08/17, 10723.000000, 10732.000000, 10647.000000, 10661.000000, 118758
2018/08/20, 10687.000000, 10715.000000, 10652.000000, 10670.000000, 120117
2018/08/21, 10698.000000, 10774.000000, 10682.000000, 10766.000000, 125902
2018/08/22, 10752.000000, 10795.000000, 10733.000000, 10763.000000, 124040
2018/08/23, 10795.000000, 10845.000000, 10758.000000, 10840.000000, 150099
2018/08/24, 10811.000000, 10830.000000, 10728.000000, 10787.000000, 143636
2018/08/27, 10831.000000, 10892.000000, 10820.000000, 10885.000000, 127617
2018/08/28, 10945.000000, 10980.000000, 10935.000000, 10954.000000, 111679
2018/08/29, 10977.000000, 11049.000000, 10968.000000, 11041.000000, 130657
2018/08/30, 11088.000000, 11135.000000, 11019.000000, 11022.000000, 160036
2018/08/31, 10975.000000, 11024.000000, 10953.000000, 11022.000000, 136125
2018/09/03, 11013.000000, 11045.000000, 10919.000000, 10934.000000, 141860
2018/09/04, 10963.000000, 11004.000000, 10935.000000, 11002.000000, 129969
2018/09/05, 10973.000000, 11021.000000, 10948.000000, 10949.000000, 150987
2018/09/06, 10920.000000, 10950.000000, 10865.000000, 10900.000000, 165385
2018/09/07, 10864.000000, 10892.000000, 10803.000000, 10845.000000, 177333
2018/09/10, 10865.000000, 10880.000000, 10708.000000, 10734.000000, 198516
2018/09/11, 10758.000000, 10767.000000, 10682.000000, 10741.000000, 169832
2018/09/12, 10762.000000, 10772.000000, 10687.000000, 10724.000000, 161683
2018/09/13, 10740.000000, 10779.000000, 10709.000000, 10718.000000, 139580
2018/09/14, 10784.000000, 10887.000000, 10771.000000, 10879.000000, 162818
2018/09/17, 10857.000000, 10868.000000, 10810.000000, 10824.000000, 112329
2018/09/18, 10787.000000, 10818.000000, 10761.000000, 10781.000000, 131237
2018/09/19, 10836.000000, 10875.000000, 10819.000000, 10872.000000, 69197
2018/09/20, 10910.000000, 10922.000000, 10824.000000, 10847.000000, 147052
2018/09/21, 10905.000000, 10976.000000, 10854.000000, 10972.000000, 160945
2018/09/25, 10960.000000, 10996.000000, 10935.000000, 10978.000000, 98858
2018/09/26, 10963.000000, 10991.000000, 10949.000000, 10972.000000, 107633
2018/09/27, 10955.000000, 11011.000000, 10936.000000, 10980.000000, 136778
2018/09/28, 11011.000000, 11039.000000, 10921.000000, 10955.000000, 162429
2018/10/01, 10968.000000, 11018.000000, 10966.000000, 11006.000000, 89417
2018/10/02, 11006.000000, 11011.000000, 10873.000000, 10879.000000, 155838
2018/10/03, 10880.000000, 10914.000000, 10845.000000, 10854.000000, 135463
2018/10/04, 10823.000000, 10830.000000, 10688.000000, 10697.000000, 159876
2018/10/05, 10658.000000, 10673.000000, 10431.000000, 10510.000000, 255972
2018/10/08, 10470.000000, 10530.000000, 10416.000000, 10464.000000, 174745
2018/10/09, 10491.000000, 10508.000000, 10447.000000, 10461.000000, 152899
2018/10/11, 10026.000000, 10080.000000, 9630.000000, 9654.000000, 347682
2018/10/12, 9736.000000, 10021.000000, 9683.000000, 9958.000000, 241530
2018/10/15, 9899.000000, 9927.000000, 9854.000000, 9862.000000, 149756
2018/10/16, 9885.000000, 9992.000000, 9868.000000, 9949.000000, 170390
2018/10/17, 10082.000000, 10114.000000, 9987.000000, 9994.000000, 103638
2018/10/18, 9923.000000, 9986.000000, 9878.000000, 9883.000000, 150984
2018/10/19, 9753.000000, 9914.000000, 9747.000000, 9901.000000, 179391
2018/10/22, 9813.000000, 9972.000000, 9761.000000, 9935.000000, 177131
2018/10/23, 9825.000000, 9849.000000, 9723.000000, 9729.000000, 185847
2018/10/24, 9753.000000, 9791.000000, 9623.000000, 9715.000000, 221427
2018/10/25, 9423.000000, 9557.000000, 9414.000000, 9486.000000, 205154
2018/10/26, 9547.000000, 9573.000000, 9339.000000, 9424.000000, 241208
2018/10/29, 9527.000000, 9539.000000, 9428.000000, 9472.000000, 158853
2018/10/30, 9465.000000, 9564.000000, 9463.000000, 9523.000000, 169437
2018/10/31, 9595.000000, 9748.000000, 9590.000000, 9725.000000, 164740
2018/11/01, 9750.000000, 9827.000000, 9705.000000, 9788.000000, 139542
2018/11/02, 9868.000000, 9884.000000, 9791.000000, 9872.000000, 153362
2018/11/05, 9803.000000, 9824.000000, 9741.000000, 9817.000000, 145762
2018/11/06, 9849.000000, 9867.000000, 9746.000000, 9774.000000, 122386
2018/11/07, 9785.000000, 9890.000000, 9780.000000, 9847.000000, 154753
2018/11/08, 9980.000000, 10000.000000, 9906.000000, 9922.000000, 115495
2018/11/09, 9897.000000, 9899.000000, 9754.000000, 9791.000000, 138772
2018/11/12, 9750.000000, 9864.000000, 9741.000000, 9812.000000, 115032
2018/11/13, 9600.000000, 9758.000000, 9528.000000, 9726.000000, 169997
2018/11/14, 9768.000000, 9798.000000, 9731.000000, 9768.000000, 110901
2018/11/15, 9790.000000, 9837.000000, 9708.000000, 9827.000000, 151097
2018/11/16, 9877.000000, 9903.000000, 9756.000000, 9785.000000, 138775
2018/11/19, 9802.000000, 9838.000000, 9778.000000, 9818.000000, 88373
2018/11/20, 9755.000000, 9808.000000, 9703.000000, 9732.000000, 121161
2018/11/21, 9661.000000, 9760.000000, 9624.000000, 9743.000000, 73399
2018/11/22, 9766.000000, 9769.000000, 9700.000000, 9714.000000, 91041
2018/11/23, 9715.000000, 9733.000000, 9613.000000, 9625.000000, 86435
2018/11/26, 9668.000000, 9850.000000, 9656.000000, 9769.000000, 147434
2018/11/27, 9727.000000, 9755.000000, 9644.000000, 9739.000000, 133622
2018/11/28, 9780.000000, 9880.000000, 9732.000000, 9868.000000, 147693
2018/11/29, 9984.000000, 9989.000000, 9861.000000, 9877.000000, 130762
2018/11/30, 9900.000000, 9935.000000, 9847.000000, 9854.000000, 121312
2018/12/03, 10012.000000, 10156.000000, 9996.000000, 10119.000000, 134887
2018/12/04, 10080.000000, 10094.000000, 10033.000000, 10040.000000, 104801
2018/12/05, 9900.000000, 9946.000000, 9863.000000, 9878.000000, 129609
2018/12/06, 9813.000000, 9814.000000, 9626.000000, 9672.000000, 164668
2018/12/07, 9735.000000, 9763.000000, 9689.000000, 9746.000000, 105182
2018/12/10, 9565.000000, 9680.000000, 9560.000000, 9626.000000, 115896
2018/12/11, 9654.000000, 9698.000000, 9625.000000, 9687.000000, 113656
2018/12/12, 9759.000000, 9827.000000, 9725.000000, 9814.000000, 131769
2018/12/13, 9831.000000, 9872.000000, 9790.000000, 9852.000000, 106076
2018/12/14, 9805.000000, 9809.000000, 9676.000000, 9729.000000, 139251
2018/12/17, 9753.000000, 9826.000000, 9722.000000, 9790.000000, 107225
2018/12/18, 9717.000000, 9755.000000, 9688.000000, 9717.000000, 116371
2018/12/19, 9758.000000, 9778.000000, 9728.000000, 9768.000000, 51113
2018/12/20, 9638.000000, 9709.000000, 9610.000000, 9639.000000, 141720
2018/12/21, 9624.000000, 9668.000000, 9556.000000, 9657.000000, 122114
2018/12/22, 9580.000000, 9615.000000, 9575.000000, 9586.000000, 23773
2018/12/24, 9603.000000, 9627.000000, 9587.000000, 9618.000000, 89000
2018/12/25, 9480.000000, 9487.000000, 9410.000000, 9477.000000, 99779
2018/12/26, 9523.000000, 9555.000000, 9438.000000, 9453.000000, 116619
2018/12/27, 9589.000000, 9655.000000, 9566.000000, 9633.000000, 124091
2018/12/28, 9630.000000, 9680.000000, 9622.000000, 9669.000000, 92802
2019/01/02, 9760.000000, 9762.000000, 9506.000000, 9529.000000, 165919
2019/01/03, 9488.000000, 9547.000000, 9433.000000, 9443.000000, 130622
2019/01/04, 9367.000000, 9410.000000, 9305.000000, 9370.000000, 168543
2019/01/07, 9541.000000, 9588.000000, 9490.000000, 9563.000000, 144887
2019/01/08, 9600.000000, 9611.000000, 9532.000000, 9558.000000, 120551
2019/01/09, 9608.000000, 9755.000000, 9602.000000, 9709.000000, 160570
2019/01/10, 9710.000000, 9713.000000, 9673.000000, 9694.000000, 95986
2019/01/11, 9760.000000, 9803.000000, 9724.000000, 9750.000000, 131199
2019/01/14, 9738.000000, 9756.000000, 9660.000000, 9689.000000, 111772
2019/01/15, 9743.000000, 9817.000000, 9715.000000, 9794.000000, 132371
2019/01/16, 9781.000000, 9804.000000, 9755.000000, 9784.000000, 57162
2019/01/17, 9777.000000, 9834.000000, 9721.000000, 9779.000000, 142681
2019/01/18, 9825.000000, 9846.000000, 9770.000000, 9821.000000, 115258
2019/01/21, 9885.000000, 9919.000000, 9856.000000, 9864.000000, 119813
2019/01/22, 9841.000000, 9868.000000, 9822.000000, 9845.000000, 93360
2019/01/23, 9830.000000, 9860.000000, 9807.000000, 9819.000000, 106247
2019/01/24, 9833.000000, 9884.000000, 9820.000000, 9860.000000, 104490
2019/01/25, 9928.000000, 9989.000000, 9911.000000, 9968.000000, 116391
2019/01/28, 10000.000000, 10018.000000, 9975.000000, 9986.000000, 81385
2019/01/29, 9932.000000, 9936.000000, 9880.000000, 9922.000000, 113689
2019/01/30, 9925.000000, 9956.000000, 9896.000000, 9924.000000, 83952
2019/02/11, 10010.000000, 10067.000000, 9966.000000, 9998.000000, 101414
2019/02/12, 10049.000000, 10093.000000, 10029.000000, 10084.000000, 77940
2019/02/13, 10125.000000, 10128.000000, 10055.000000, 10085.000000, 96268
2019/02/14, 10045.000000, 10124.000000, 10034.000000, 10079.000000, 95955
2019/02/15, 10040.000000, 10116.000000, 10022.000000, 10042.000000, 111580
2019/02/18, 10111.000000, 10161.000000, 10098.000000, 10138.000000, 96852
2019/02/19, 10123.000000, 10158.000000, 10104.000000, 10143.000000, 71591
2019/02/20, 10183.000000, 10262.000000, 10177.000000, 10256.000000, 68044
2019/02/21, 10255.000000, 10327.000000, 10232.000000, 10323.000000, 97327
2019/02/22, 10272.000000, 10312.000000, 10245.000000, 10308.000000, 87939
2019/02/25, 10350.000000, 10378.000000, 10324.000000, 10366.000000, 104871
2019/02/26, 10381.000000, 10394.000000, 10336.000000, 10352.000000, 100522
2019/02/27, 10375.000000, 10384.000000, 10325.000000, 10361.000000, 83415
2019/03/04, 10390.000000, 10400.000000, 10276.000000, 10312.000000, 122683
2019/03/05, 10260.000000, 10306.000000, 10248.000000, 10275.000000, 97388
2019/03/06, 10283.000000, 10333.000000, 10282.000000, 10322.000000, 90466
2019/03/07, 10315.000000, 10335.000000, 10260.000000, 10261.000000, 95909
2019/03/08, 10230.000000, 10244.000000, 10162.000000, 10201.000000, 127865
2019/03/11, 10170.000000, 10234.000000, 10168.000000, 10227.000000, 78112
2019/03/12, 10301.000000, 10385.000000, 10300.000000, 10348.000000, 109094
2019/03/13, 10325.000000, 10365.000000, 10305.000000, 10363.000000, 99791
2019/03/14, 10390.000000, 10392.000000, 10322.000000, 10337.000000, 92014
2019/03/15, 10355.000000, 10430.000000, 10347.000000, 10413.000000, 105842
2019/03/18, 10437.000000, 10487.000000, 10420.000000, 10478.000000, 80996
2019/03/19, 10483.000000, 10511.000000, 10461.000000, 10501.000000, 73231
2019/03/20, 10493.000000, 10549.000000, 10492.000000, 10545.000000, 49292
2019/03/21, 10538.000000, 10593.000000, 10532.000000, 10588.000000, 90646
2019/03/22, 10645.000000, 10659.000000, 10560.000000, 10613.000000, 107628
2019/03/25, 10478.000000, 10486.000000, 10423.000000, 10437.000000, 100109
2019/03/26, 10482.000000, 10538.000000, 10480.000000, 10523.000000, 87186
2019/03/27, 10506.000000, 10533.000000, 10473.000000, 10520.000000, 88484
2019/03/28, 10450.000000, 10515.000000, 10444.000000, 10493.000000, 83266
2019/03/29, 10551.000000, 10600.000000, 10476.000000, 10598.000000, 128133
2019/04/01, 10679.000000, 10715.000000, 10615.000000, 10640.000000, 114428
2019/04/02, 10688.000000, 10704.000000, 10668.000000, 10678.000000, 78326
2019/04/03, 10688.000000, 10728.000000, 10671.000000, 10695.000000, 92554
2019/04/08, 10779.000000, 10795.000000, 10745.000000, 10770.000000, 91782
2019/04/09, 10801.000000, 10848.000000, 10782.000000, 10843.000000, 70207
2019/04/10, 10820.000000, 10869.000000, 10812.000000, 10861.000000, 69294
2019/04/11, 10868.000000, 10885.000000, 10775.000000, 10806.000000, 108022
2019/04/12, 10818.000000, 10831.000000, 10782.000000, 10802.000000, 74303
2019/04/15, 10865.000000, 10895.000000, 10843.000000, 10876.000000, 72144
2019/04/16, 10870.000000, 10932.000000, 10863.000000, 10930.000000, 78811
2019/04/17, 10954.000000, 11010.000000, 10948.000000, 11005.000000, 57677
2019/04/18, 11022.000000, 11039.000000, 10920.000000, 10938.000000, 117374
2019/04/19, 11020.000000, 11036.000000, 10954.000000, 10973.000000, 88747
2019/04/22, 11008.000000, 11030.000000, 10958.000000, 10978.000000, 77272
2019/04/23, 10988.000000, 11024.000000, 10934.000000, 11023.000000, 103721
2019/04/24, 11050.000000, 11057.000000, 10970.000000, 11009.000000, 108052
2019/04/25, 10990.000000, 11041.000000, 10977.000000, 11030.000000, 84333
2019/04/26, 10962.000000, 10972.000000, 10900.000000, 10934.000000, 117727
2019/04/29, 10959.000000, 10978.000000, 10902.000000, 10933.000000, 90054
2019/04/30, 10912.000000, 10961.000000, 10883.000000, 10952.000000, 99257
2019/05/02, 10947.000000, 11033.000000, 10933.000000, 10978.000000, 110440
2019/05/03, 10992.000000, 11094.000000, 10975.000000, 11092.000000, 105075
2019/05/06, 10980.000000, 10980.000000, 10821.000000, 10860.000000, 157580
2019/05/07, 10900.000000, 10996.000000, 10900.000000, 10971.000000, 112170
2019/05/08, 10849.000000, 10943.000000, 10841.000000, 10893.000000, 122003
2019/05/09, 10854.000000, 10866.000000, 10716.000000, 10747.000000, 160280
2019/05/10, 10750.000000, 10850.000000, 10646.000000, 10744.000000, 233558
2019/05/13, 10686.000000, 10708.000000, 10565.000000, 10574.000000, 141353
2019/05/14, 10425.000000, 10571.000000, 10399.000000, 10531.000000, 161114
2019/05/15, 10539.000000, 10609.000000, 10513.000000, 10580.000000, 76901
2019/05/16, 10537.000000, 10574.000000, 10483.000000, 10489.000000, 135442
2019/05/17, 10562.000000, 10566.000000, 10406.000000, 10413.000000, 147667
2019/05/20, 10442.000000, 10485.000000, 10405.000000, 10432.000000, 137967
2019/05/21, 10398.000000, 10502.000000, 10378.000000, 10487.000000, 139187
2019/05/22, 10471.000000, 10515.000000, 10453.000000, 10479.000000, 116647
2019/05/23, 10422.000000, 10424.000000, 10285.000000, 10311.000000, 140726
2019/05/24, 10316.000000, 10386.000000, 10315.000000, 10341.000000, 109852
2019/05/27, 10349.000000, 10390.000000, 10284.000000, 10332.000000, 103055
2019/05/28, 10369.000000, 10374.000000, 10309.000000, 10340.000000, 87522
2019/05/29, 10220.000000, 10295.000000, 10218.000000, 10291.000000, 94586
2019/05/30, 10311.000000, 10382.000000, 10279.000000, 10365.000000, 118760
2019/05/31, 10332.000000, 10493.000000, 10330.000000, 10455.000000, 132152
2019/06/03, 10431.000000, 10477.000000, 10366.000000, 10471.000000, 129013
2019/06/04, 10461.000000, 10483.000000, 10401.000000, 10416.000000, 91564
2019/06/05, 10495.000000, 10510.000000, 10439.000000, 10456.000000, 101491
2019/06/06, 10433.000000, 10437.000000, 10351.000000, 10365.000000, 111098
2019/06/10, 10477.000000, 10546.000000, 10442.000000, 10540.000000, 122465
2019/06/11, 10555.000000, 10618.000000, 10533.000000, 10590.000000, 101609
2019/06/12, 10587.000000, 10611.000000, 10564.000000, 10591.000000, 87261
2019/06/13, 10561.000000, 10589.000000, 10497.000000, 10528.000000, 113159
2019/06/14, 10534.000000, 10558.000000, 10516.000000, 10528.000000, 76827
2019/06/17, 10477.000000, 10565.000000, 10460.000000, 10545.000000, 101665
2019/06/18, 10539.000000, 10576.000000, 10526.000000, 10554.000000, 65992
2019/06/19, 10680.000000, 10800.000000, 10667.000000, 10770.000000, 78705
2019/06/20, 10575.000000, 10605.000000, 10558.000000, 10592.000000, 81952
2019/06/21, 10628.000000, 10641.000000, 10564.000000, 10586.000000, 96523
2019/06/24, 10605.000000, 10647.000000, 10553.000000, 10622.000000, 91541
2019/06/25, 10620.000000, 10630.000000, 10523.000000, 10539.000000, 99145
2019/06/26, 10525.000000, 10541.000000, 10499.000000, 10505.000000, 83783
2019/06/27, 10535.000000, 10642.000000, 10532.000000, 10621.000000, 107401
2019/06/28, 10621.000000, 10627.000000, 10550.000000, 10577.000000, 82315
2019/07/01, 10707.000000, 10780.000000, 10693.000000, 10766.000000, 97311
2019/07/02, 10738.000000, 10766.000000, 10729.000000, 10749.000000, 60623
2019/07/03, 10733.000000, 10741.000000, 10202.000000, 10641.000000, 110709
2019/07/04, 10691.000000, 10729.000000, 10677.000000, 10707.000000, 77761
2019/07/05, 10713.000000, 10749.000000, 10682.000000, 10718.000000, 77789
2019/07/08, 10655.000000, 10711.000000, 10630.000000, 10665.000000, 105478
2019/07/09, 10688.000000, 10699.000000, 10631.000000, 10650.000000, 79145
2019/07/10, 10699.000000, 10741.000000, 10689.000000, 10732.000000, 99507
2019/07/11, 10801.000000, 10833.000000, 10772.000000, 10813.000000, 83589
2019/07/12, 10789.000000, 10830.000000, 10788.000000, 10811.000000, 67152
2019/07/15, 10808.000000, 10860.000000, 10730.000000, 10849.000000, 115603
2019/07/16, 10863.000000, 10892.000000, 10851.000000, 10878.000000, 72001
2019/07/17, 10837.000000, 10855.000000, 10805.000000, 10831.000000, 70371
2019/07/18, 10625.000000, 10676.000000, 10623.000000, 10651.000000, 78963
2019/07/19, 10757.000000, 10792.000000, 10727.000000, 10740.000000, 96592
2019/07/22, 10735.000000, 10798.000000, 10729.000000, 10795.000000, 78274
2019/07/23, 10822.000000, 10836.000000, 10785.000000, 10803.000000, 76789
2019/07/24, 10817.000000, 10835.000000, 10792.000000, 10804.000000, 66376
2019/07/25, 10825.000000, 10831.000000, 10769.000000, 10822.000000, 73931
2019/07/26, 10781.000000, 10795.000000, 10765.000000, 10788.000000, 53211
2019/07/29, 10779.000000, 10802.000000, 10744.000000, 10782.000000, 83163
2019/07/30, 10819.000000, 10836.000000, 10752.000000, 10752.000000, 91664
2019/07/31, 10721.000000, 10743.000000, 10674.000000, 10736.000000, 103902
2019/08/01, 10635.000000, 10697.000000, 10623.000000, 10644.000000, 109347
2019/08/02, 10518.000000, 10535.000000, 10441.000000, 10469.000000, 142673
2019/08/05, 10421.000000, 10460.000000, 10358.000000, 10376.000000, 135526
2019/08/06, 10096.000000, 10387.000000, 10095.000000, 10329.000000, 199016
2019/08/07, 10330.000000, 10375.000000, 10301.000000, 10346.000000, 113815
2019/08/08, 10372.000000, 10454.000000, 10340.000000, 10436.000000, 121943
2019/08/12, 10439.000000, 10477.000000, 10380.000000, 10439.000000, 86901
2019/08/13, 10385.000000, 10400.000000, 10319.000000, 10343.000000, 102727
2019/08/14, 10457.000000, 10492.000000, 10416.000000, 10429.000000, 107677
2019/08/15, 10255.000000, 10335.000000, 10242.000000, 10300.000000, 114302
2019/08/16, 10315.000000, 10421.000000, 10288.000000, 10412.000000, 123666
2019/08/19, 10436.000000, 10489.000000, 10419.000000, 10481.000000, 84825
2019/08/20, 10487.000000, 10530.000000, 10478.000000, 10526.000000, 75599
2019/08/21, 10514.000000, 10544.000000, 10505.000000, 10528.000000, 55497
2019/08/22, 10538.000000, 10564.000000, 10464.000000, 10476.000000, 105723
2019/08/23, 10485.000000, 10513.000000, 10460.000000, 10497.000000, 76865
2019/08/26, 10335.000000, 10367.000000, 10294.000000, 10307.000000, 120523
2019/08/27, 10372.000000, 10390.000000, 10343.000000, 10363.000000, 73260
2019/08/28, 10390.000000, 10438.000000, 10388.000000, 10412.000000, 86040
2019/08/29, 10420.000000, 10442.000000, 10376.000000, 10430.000000, 84000
2019/08/30, 10520.000000, 10584.000000, 10517.000000, 10577.000000, 79663
2019/09/02, 10564.000000, 10615.000000, 10556.000000, 10603.000000, 60421
2019/09/03, 10599.000000, 10632.000000, 10537.000000, 10543.000000, 91885
2019/09/04, 10563.000000, 10657.000000, 10558.000000, 10644.000000, 86348
2019/09/05, 10719.000000, 10762.000000, 10703.000000, 10734.000000, 90561
2019/09/06, 10776.000000, 10783.000000, 10741.000000, 10767.000000, 67991
2019/09/09, 10802.000000, 10827.000000, 10773.000000, 10793.000000, 68655
2019/09/10, 10801.000000, 10814.000000, 10731.000000, 10742.000000, 76145
2019/09/11, 10795.000000, 10808.000000, 10751.000000, 10774.000000, 85539
2019/09/12, 10842.000000, 10870.000000, 10801.000000, 10824.000000, 87681
2019/09/16, 10802.000000, 10885.000000, 10802.000000, 10878.000000, 76736
2019/09/17, 10907.000000, 10910.000000, 10858.000000, 10865.000000, 59679
2019/09/18, 10912.000000, 10963.000000, 10884.000000, 10960.000000, 55502
2019/09/19, 10915.000000, 10936.000000, 10851.000000, 10867.000000, 91269
2019/09/20, 10901.000000, 10912.000000, 10884.000000, 10899.000000, 60369
2019/09/23, 10894.000000, 10929.000000, 10872.000000, 10892.000000, 75187
2019/09/24, 10911.000000, 10932.000000, 10865.000000, 10905.000000, 89394
2019/09/25, 10865.000000, 10873.000000, 10805.000000, 10841.000000, 100195
2019/09/26, 10876.000000, 10895.000000, 10828.000000, 10843.000000, 83502
2019/09/27, 10876.000000, 10897.000000, 10811.000000, 10823.000000, 94659
2019/10/01, 10856.000000, 10962.000000, 10856.000000, 10953.000000, 90886
2019/10/02, 10916.000000, 10948.000000, 10912.000000, 10923.000000, 66999
2019/10/03, 10827.000000, 10877.000000, 10773.000000, 10849.000000, 97153
2019/10/04, 10881.000000, 10912.000000, 10820.000000, 10877.000000, 104736
2019/10/07, 10907.000000, 10937.000000, 10886.000000, 10914.000000, 67648
2019/10/08, 10958.000000, 11021.000000, 10950.000000, 11000.000000, 82233
2019/10/09, 10963.000000, 10969.000000, 10882.000000, 10883.000000, 81729
2019/10/14, 11070.000000, 11092.000000, 11030.000000, 11073.000000, 84410
2019/10/15, 11083.000000, 11122.000000, 11073.000000, 11107.000000, 65648
2019/10/16, 11158.000000, 11171.000000, 11130.000000, 11146.000000, 61672
2019/10/17, 11148.000000, 11161.000000, 11117.000000, 11158.000000, 56129
2019/10/18, 11195.000000, 11223.000000, 11132.000000, 11149.000000, 91140
2019/10/21, 11157.000000, 11168.000000, 11133.000000, 11157.000000, 54206
2019/10/22, 11213.000000, 11252.000000, 11191.000000, 11240.000000, 78410
2019/10/23, 11225.000000, 11254.000000, 11182.000000, 11200.000000, 79347
2019/10/24, 11232.000000, 11292.000000, 11225.000000, 11288.000000, 71549
2019/10/25, 11321.000000, 11328.000000, 11264.000000, 11283.000000, 61352
2019/10/28, 11334.000000, 11342.000000, 11291.000000, 11311.000000, 52187
2019/10/29, 11348.000000, 11366.000000, 11293.000000, 11325.000000, 80263
2019/10/30, 11312.000000, 11351.000000, 11295.000000, 11338.000000, 66639
2019/10/31, 11371.000000, 11396.000000, 11341.000000, 11344.000000, 74371
2019/11/01, 11333.000000, 11377.000000, 11316.000000, 11371.000000, 60297
2019/11/04, 11416.000000, 11554.000000, 11413.000000, 11542.000000, 102899
2019/11/05, 11594.000000, 11650.000000, 11566.000000, 11645.000000, 85543
2019/11/06, 11644.000000, 11675.000000, 11600.000000, 11650.000000, 89714
2019/11/07, 11636.000000, 11637.000000, 11558.000000, 11596.000000, 98276
2019/11/08, 11646.000000, 11648.000000, 11554.000000, 11572.000000, 93098
2019/11/11, 11577.000000, 11581.000000, 11424.000000, 11437.000000, 115483
2019/11/12, 11483.000000, 11528.000000, 11466.000000, 11524.000000, 76130
2019/11/13, 11463.000000, 11494.000000, 11428.000000, 11466.000000, 103164
2019/11/14, 11493.000000, 11496.000000, 11413.000000, 11456.000000, 103358
2019/11/15, 11485.000000, 11563.000000, 11480.000000, 11532.000000, 99316
2019/11/18, 11533.000000, 11594.000000, 11507.000000, 11592.000000, 75739
2019/11/19, 11574.000000, 11654.000000, 11563.000000, 11645.000000, 77336
2019/11/20, 11621.000000, 11644.000000, 11594.000000, 11608.000000, 57530
2019/11/21, 11529.000000, 11551.000000, 11450.000000, 11545.000000, 135339
2019/11/22, 11565.000000, 11592.000000, 11531.000000, 11554.000000, 80401
2019/11/25, 11615.000000, 11629.000000, 11559.000000, 11566.000000, 87186
2019/11/26, 11620.000000, 11658.000000, 11603.000000, 11618.000000, 107823
2019/11/27, 11613.000000, 11651.000000, 11596.000000, 11647.000000, 70895
2019/11/28, 11658.000000, 11663.000000, 11605.000000, 11613.000000, 88562
2019/11/29, 11604.000000, 11613.000000, 11463.000000, 11464.000000, 131564
2019/12/02, 11527.000000, 11533.000000, 11459.000000, 11502.000000, 90559
2019/12/03, 11444.000000, 11527.000000, 11439.000000, 11523.000000, 88438
2019/12/04, 11492.000000, 11505.000000, 11443.000000, 11502.000000, 106777
2019/12/05, 11540.000000, 11618.000000, 11532.000000, 11598.000000, 91767
2019/12/06, 11645.000000, 11670.000000, 11580.000000, 11611.000000, 88195
2019/12/09, 11670.000000, 11699.000000, 11633.000000, 11671.000000, 77905
2019/12/10, 11647.000000, 11656.000000, 11605.000000, 11624.000000, 72718
2019/12/11, 11600.000000, 11706.000000, 11594.000000, 11704.000000, 91749
2019/12/12, 11765.000000, 11888.000000, 11754.000000, 11851.000000, 116222
2019/12/13, 11977.000000, 12007.000000, 11917.000000, 11963.000000, 108464
2019/12/16, 11932.000000, 11976.000000, 11922.000000, 11959.000000, 69730
2019/12/17, 11974.000000, 12102.000000, 11945.000000, 12099.000000, 92853
2019/12/18, 12076.000000, 12129.000000, 12065.000000, 12119.000000, 48307
2019/12/19, 12110.000000, 12115.000000, 12015.000000, 12031.000000, 92203
2019/12/20, 12063.000000, 12063.000000, 11951.000000, 11979.000000, 126718
2019/12/23, 12000.000000, 12028.000000, 11972.000000, 12020.000000, 75248
2019/12/24, 12030.000000, 12044.000000, 11983.000000, 11983.000000, 55381
2019/12/25, 11989.000000, 12027.000000, 11976.000000, 12019.000000, 41574
2019/12/26, 12029.000000, 12042.000000, 11986.000000, 12007.000000, 52146
2019/12/27, 12038.000000, 12112.000000, 12037.000000, 12097.000000, 74436
2019/12/30, 12091.000000, 12125.000000, 12065.000000, 12069.000000, 66052
2019/12/31, 12029.000000, 12049.000000, 11994.000000, 11994.000000, 74341
2020/01/02, 12044.000000, 12120.000000, 12023.000000, 12101.000000, 100399
2020/01/03, 12180.000000, 12198.000000, 11996.000000, 12087.000000, 172645
2020/01/06, 12017.000000, 12034.000000, 11949.000000, 11949.000000, 118362
2020/01/07, 11995.000000, 12009.000000, 11816.000000, 11871.000000, 157259
2020/01/08, 11728.000000, 11892.000000, 11697.000000, 11788.000000, 158049
2020/01/09, 11919.000000, 11998.000000, 11883.000000, 11969.000000, 111676
2020/01/10, 12005.000000, 12042.000000, 11953.000000, 12011.000000, 103478
2020/01/13, 12085.000000, 12121.000000, 12044.000000, 12116.000000, 114703
2020/01/14, 12176.000000, 12199.000000, 12148.000000, 12181.000000, 85238
2020/01/15, 12159.000000, 12175.000000, 12058.000000, 12063.000000, 82149
2020/01/16, 12040.000000, 12078.000000, 11990.000000, 12052.000000, 106191
2020/01/17, 12103.000000, 12118.000000, 12029.000000, 12071.000000, 101186
2020/01/20, 12119.000000, 12160.000000, 12097.000000, 12111.000000, 77545
2020/01/30, 11770.000000, 11798.000000, 11371.000000, 11372.000000, 248034
2020/01/31, 11460.000000, 11567.000000, 11407.000000, 11469.000000, 154005
2020/02/03, 11285.000000, 11370.000000, 11152.000000, 11324.000000, 206299
2020/02/04, 11373.000000, 11557.000000, 11362.000000, 11534.000000, 145408
2020/02/05, 11603.000000, 11620.000000, 11474.000000, 11542.000000, 155144
2020/02/06, 11651.000000, 11744.000000, 11628.000000, 11739.000000, 122905
2020/02/07, 11660.000000, 11666.000000, 11566.000000, 11589.000000, 125731
2020/02/10, 11455.000000, 11598.000000, 11402.000000, 11565.000000, 146924
2020/02/11, 11625.000000, 11689.000000, 11613.000000, 11664.000000, 91645
2020/02/12, 11663.000000, 11797.000000, 11647.000000, 11770.000000, 104632
2020/02/13, 11798.000000, 11837.000000, 11762.000000, 11775.000000, 107703
2020/02/14, 11757.000000, 11852.000000, 11755.000000, 11810.000000, 96611
2020/02/17, 11710.000000, 11792.000000, 11702.000000, 11769.000000, 87093
2020/02/18, 11715.000000, 11719.000000, 11627.000000, 11640.000000, 135029
2020/02/19, 11678.000000, 11805.000000, 11637.000000, 11760.000000, 81374
2020/02/20, 11820.000000, 11830.000000, 11679.000000, 11713.000000, 137087
2020/02/21, 11665.000000, 11765.000000, 11636.000000, 11663.000000, 139385
2020/02/24, 11509.000000, 11587.000000, 11476.000000, 11511.000000, 136072
2020/02/25, 11400.000000, 11561.000000, 11386.000000, 11541.000000, 148573
2020/02/26, 11383.000000, 11482.000000, 11365.000000, 11421.000000, 162580
2020/02/27, 11395.000000, 11447.000000, 11237.000000, 11276.000000, 168005
2020/03/02, 11011.000000, 11278.000000, 11005.000000, 11176.000000, 203375
2020/03/03, 11313.000000, 11375.000000, 11278.000000, 11321.000000, 165462
2020/03/04, 11348.000000, 11369.000000, 11267.000000, 11358.000000, 142616
2020/03/05, 11450.000000, 11501.000000, 11428.000000, 11491.000000, 112411
2020/03/06, 11400.000000, 11420.000000, 11260.000000, 11269.000000, 153306
2020/03/09, 10975.000000, 11108.000000, 10916.000000, 10951.000000, 212371
2020/03/10, 10830.000000, 10996.000000, 10779.000000, 10981.000000, 205650
2020/03/11, 10979.000000, 11029.000000, 10807.000000, 10824.000000, 182504
2020/03/12, 10750.000000, 10765.000000, 10161.000000, 10362.000000, 330485
2020/03/13, 9749.000000, 10147.000000, 9450.000000, 10027.000000, 340952
2020/03/16, 9919.000000, 10055.000000, 9636.000000, 9679.000000, 237876
2020/03/17, 9379.000000, 9677.000000, 9271.000000, 9371.000000, 243955
2020/03/18, 9366.000000, 9489.000000, 9205.000000, 9264.000000, 110255
2020/03/19, 8820.000000, 8872.000000, 8268.000000, 8356.000000, 301799
2020/03/20, 8562.000000, 9166.000000, 8544.000000, 9041.000000, 265539
2020/03/23, 8609.000000, 8868.000000, 8555.000000, 8665.000000, 179890
2020/03/24, 8998.000000, 9295.000000, 8986.000000, 9193.000000, 178662
2020/03/25, 9410.000000, 9624.000000, 9370.000000, 9585.000000, 207956
2020/03/26, 9679.000000, 9690.000000, 9426.000000, 9631.000000, 189335
2020/03/27, 9899.000000, 9910.000000, 9549.000000, 9579.000000, 187396
2020/03/30, 9376.000000, 9576.000000, 9266.000000, 9566.000000, 164726
2020/03/31, 9666.000000, 9717.000000, 9495.000000, 9595.000000, 142543
2020/04/01, 9588.000000, 9650.000000, 9552.000000, 9555.000000, 115880
2020/04/06, 9741.000000, 9860.000000, 9582.000000, 9823.000000, 145658
2020/04/07, 9955.000000, 10020.000000, 9878.000000, 9998.000000, 136799
2020/04/08, 9950.000000, 10135.000000, 9945.000000, 10122.000000, 126694
2020/04/09, 10131.000000, 10197.000000, 10028.000000, 10100.000000, 132449
2020/04/10, 10038.000000, 10140.000000, 10030.000000, 10133.000000, 72428
2020/04/13, 10084.000000, 10149.000000, 10031.000000, 10079.000000, 106858
2020/04/14, 10160.000000, 10355.000000, 10125.000000, 10343.000000, 113099
2020/04/15, 10347.000000, 10463.000000, 10330.000000, 10451.000000, 65118
2020/04/16, 10177.000000, 10343.000000, 10161.000000, 10301.000000, 117864
2020/04/17, 10575.000000, 10669.000000, 10456.000000, 10563.000000, 158297
2020/04/20, 10515.000000, 10560.000000, 10458.000000, 10475.000000, 95513
2020/04/21, 10406.000000, 10467.000000, 10144.000000, 10196.000000, 185211
2020/04/22, 10145.000000, 10226.000000, 10065.000000, 10222.000000, 140265
2020/04/23, 10268.000000, 10402.000000, 10154.000000, 10292.000000, 167208
2020/04/24, 10231.000000, 10292.000000, 10211.000000, 10268.000000, 104535
2020/04/27, 10373.000000, 10567.000000, 10368.000000, 10545.000000, 122584
2020/04/28, 10600.000000, 10605.000000, 10480.000000, 10583.000000, 110372
2020/04/29, 10655.000000, 10770.000000, 10631.000000, 10709.000000, 114297
2020/04/30, 10813.000000, 10971.000000, 10803.000000, 10947.000000, 115213
2020/05/04, 10540.000000, 10699.000000, 10477.000000, 10610.000000, 132814
2020/05/05, 10717.000000, 10795.000000, 10658.000000, 10719.000000, 110278
2020/05/06, 10658.000000, 10780.000000, 10618.000000, 10749.000000, 121491
2020/05/07, 10736.000000, 10877.000000, 10710.000000, 10833.000000, 115862
2020/05/08, 10893.000000, 10956.000000, 10853.000000, 10894.000000, 105781
2020/05/11, 10979.000000, 11038.000000, 10935.000000, 10982.000000, 92771
2020/05/12, 10902.000000, 10932.000000, 10802.000000, 10865.000000, 116595
2020/05/13, 10783.000000, 10925.000000, 10776.000000, 10914.000000, 101930
2020/05/14, 10828.000000, 10877.000000, 10738.000000, 10749.000000, 126292
2020/05/15, 10830.000000, 10869.000000, 10701.000000, 10817.000000, 126173
2020/05/18, 10768.000000, 10824.000000, 10724.000000, 10761.000000, 112378
2020/05/19, 10932.000000, 10964.000000, 10836.000000, 10868.000000, 111021
2020/05/20, 10903.000000, 10960.000000, 10853.000000, 10887.000000, 60212
2020/05/21, 10903.000000, 11008.000000, 10894.000000, 10953.000000, 115495
2020/05/22, 10928.000000, 10935.000000, 10723.000000, 10744.000000, 136579
2020/05/25, 10800.000000, 10840.000000, 10651.000000, 10821.000000, 120796
2020/05/26, 10896.000000, 11027.000000, 10891.000000, 10984.000000, 106947
2020/05/27, 10962.000000, 11037.000000, 10926.000000, 10973.000000, 102280
2020/05/28, 11066.000000, 11077.000000, 10856.000000, 10911.000000, 141854
2020/05/29, 10888.000000, 10950.000000, 10806.000000, 10919.000000, 115680
2020/06/01, 10983.000000, 11103.000000, 10971.000000, 11057.000000, 103034
2020/06/02, 11080.000000, 11140.000000, 11072.000000, 11107.000000, 82686
2020/06/03, 11250.000000, 11299.000000, 11206.000000, 11283.000000, 109370
2020/06/04, 11419.000000, 11425.000000, 11306.000000, 11358.000000, 108643
2020/06/05, 11399.000000, 11473.000000, 11377.000000, 11457.000000, 84861
2020/06/08, 11550.000000, 11626.000000, 11491.000000, 11570.000000, 106849
2020/06/09, 11596.000000, 11622.000000, 11521.000000, 11606.000000, 89412
2020/06/10, 11634.000000, 11730.000000, 11596.000000, 11704.000000, 94591
2020/06/11, 11689.000000, 11738.000000, 11475.000000, 11491.000000, 143725
2020/06/12, 11331.000000, 11432.000000, 11250.000000, 11391.000000, 131977
2020/06/15, 11356.000000, 11446.000000, 11216.000000, 11225.000000, 135408
2020/06/16, 11448.000000, 11554.000000, 11421.000000, 11522.000000, 110305
2020/06/17, 11480.000000, 11568.000000, 11467.000000, 11520.000000, 67096
2020/06/18, 11372.000000, 11425.000000, 11295.000000, 11395.000000, 115869
2020/06/19, 11424.000000, 11439.000000, 11361.000000, 11409.000000, 93728
2020/06/22, 11374.000000, 11498.000000, 11362.000000, 11421.000000, 113862
2020/06/23, 11493.000000, 11540.000000, 11346.000000, 11456.000000, 139989
2020/06/24, 11541.000000, 11570.000000, 11503.000000, 11523.000000, 89905
2020/06/29, 11394.000000, 11458.000000, 11315.000000, 11363.000000, 123338
2020/06/30, 11460.000000, 11502.000000, 11412.000000, 11470.000000, 83988
2020/07/01, 11482.000000, 11623.000000, 11472.000000, 11544.000000, 102338
2020/07/02, 11585.000000, 11712.000000, 11566.000000, 11695.000000, 91795
2020/07/03, 11788.000000, 11850.000000, 11752.000000, 11834.000000, 92196
2020/07/06, 11921.000000, 12072.000000, 11905.000000, 12067.000000, 106636
2020/07/07, 12149.000000, 12192.000000, 11990.000000, 12028.000000, 134089
2020/07/08, 12041.000000, 12145.000000, 12025.000000, 12126.000000, 103175
2020/07/09, 12202.000000, 12222.000000, 12118.000000, 12149.000000, 111893
2020/07/10, 12204.000000, 12213.000000, 11987.000000, 11995.000000, 133264
2020/07/13, 12139.000000, 12210.000000, 12105.000000, 12204.000000, 93929
2020/07/14, 12147.000000, 12224.000000, 12119.000000, 12188.000000, 108264
2020/07/15, 12305.000000, 12323.000000, 12150.000000, 12220.000000, 72961
2020/07/16, 12066.000000, 12094.000000, 11931.000000, 12029.000000, 132941
2020/07/17, 12088.000000, 12138.000000, 12011.000000, 12039.000000, 112175
2020/07/20, 12073.000000, 12075.000000, 11903.000000, 12033.000000, 120986
2020/07/21, 12125.000000, 12324.000000, 12121.000000, 12288.000000, 122572
2020/07/22, 12301.000000, 12361.000000, 12256.000000, 12332.000000, 94744
2020/07/23, 12309.000000, 12313.000000, 12199.000000, 12287.000000, 122780
2020/07/24, 12232.000000, 12352.000000, 12123.000000, 12150.000000, 171550
2020/07/27, 12410.000000, 12572.000000, 12407.000000, 12498.000000, 140325
2020/07/28, 12834.000000, 12900.000000, 12408.000000, 12454.000000, 245608
2020/07/29, 12446.000000, 12543.000000, 12392.000000, 12421.000000, 138350
2020/07/30, 12617.000000, 12627.000000, 12488.000000, 12595.000000, 126208
2020/07/31, 12606.000000, 12644.000000, 12525.000000, 12576.000000, 129880
2020/08/03, 12531.000000, 12567.000000, 12405.000000, 12440.000000, 134434
2020/08/04, 12516.000000, 12632.000000, 12489.000000, 12629.000000, 111117
2020/08/05, 12700.000000, 12746.000000, 12643.000000, 12741.000000, 105138
2020/08/06, 12856.000000, 12925.000000, 12753.000000, 12836.000000, 141212
2020/08/07, 12860.000000, 12866.000000, 12706.000000, 12759.000000, 114890
2020/08/10, 12779.000000, 12905.000000, 12720.000000, 12854.000000, 109532
2020/08/11, 12825.000000, 12874.000000, 12727.000000, 12735.000000, 106277
2020/08/12, 12700.000000, 12701.000000, 12565.000000, 12655.000000, 131329
2020/08/13, 12816.000000, 12836.000000, 12702.000000, 12725.000000, 111174
2020/08/14, 12696.000000, 12790.000000, 12646.000000, 12789.000000, 98121
2020/08/17, 12776.000000, 12959.000000, 12771.000000, 12953.000000, 104207
2020/08/18, 12983.000000, 12998.000000, 12836.000000, 12877.000000, 113409
2020/08/19, 12905.000000, 12955.000000, 12780.000000, 12807.000000, 68806
2020/08/20, 12695.000000, 12709.000000, 12067.000000, 12298.000000, 237606
2020/08/21, 12466.000000, 12598.000000, 12423.000000, 12551.000000, 134919
2020/08/24, 12568.000000, 12653.000000, 12503.000000, 12603.000000, 103744
2020/08/25, 12657.000000, 12795.000000, 12643.000000, 12735.000000, 111794
2020/08/26, 12730.000000, 12799.000000, 12681.000000, 12795.000000, 86685
2020/08/27, 12838.000000, 12925.000000, 12735.000000, 12758.000000, 126465
2020/08/28, 12740.000000, 12782.000000, 12634.000000, 12688.000000, 138302
2020/08/31, 12800.000000, 12826.000000, 12563.000000, 12589.000000, 142023
2020/09/01, 12566.000000, 12698.000000, 12531.000000, 12688.000000, 114310
2020/09/02, 12765.000000, 12776.000000, 12595.000000, 12690.000000, 126712
2020/09/03, 12792.000000, 12858.000000, 12705.000000, 12734.000000, 130262
2020/09/04, 12558.000000, 12651.000000, 12510.000000, 12607.000000, 130070
2020/09/07, 12608.000000, 12733.000000, 12560.000000, 12580.000000, 136891
2020/09/08, 12657.000000, 12695.000000, 12610.000000, 12667.000000, 109694
2020/09/09, 12545.000000, 12606.000000, 12434.000000, 12598.000000, 150903
2020/09/10, 12669.000000, 12706.000000, 12622.000000, 12698.000000, 106806
2020/09/11, 12658.000000, 12689.000000, 12606.000000, 12663.000000, 104558
2020/09/14, 12694.000000, 12797.000000, 12678.000000, 12784.000000, 100659
2020/09/15, 12768.000000, 12855.000000, 12756.000000, 12843.000000, 80253
2020/09/16, 12945.000000, 13018.000000, 12900.000000, 12969.000000, 65376
2020/09/17, 12855.000000, 12908.000000, 12772.000000, 12815.000000, 119667
2020/09/18, 12839.000000, 12866.000000, 12773.000000, 12833.000000, 95515
2020/09/21, 12820.000000, 12877.000000, 12655.000000, 12659.000000, 139378
2020/09/22, 12627.000000, 12655.000000, 12481.000000, 12509.000000, 129871
2020/09/23, 12553.000000, 12563.000000, 12441.000000, 12528.000000, 117770
2020/09/24, 12407.000000, 12414.000000, 12166.000000, 12180.000000, 170016
2020/09/25, 12265.000000, 12309.000000, 12114.000000, 12195.000000, 127927
2020/09/28, 12292.000000, 12421.000000, 12246.000000, 12415.000000, 94192
2020/09/29, 12478.000000, 12522.000000, 12395.000000, 12421.000000, 102619
2020/09/30, 12456.000000, 12548.000000, 12444.000000, 12473.000000, 107581
2020/10/05, 12577.000000, 12620.000000, 12486.000000, 12529.000000, 93806
2020/10/06, 12618.000000, 12704.000000, 12614.000000, 12677.000000, 99215
2020/10/07, 12620.000000, 12758.000000, 12606.000000, 12754.000000, 88445
2020/10/08, 12831.000000, 12876.000000, 12772.000000, 12873.000000, 98409
2020/10/12, 12935.000000, 12995.000000, 12878.000000, 12921.000000, 105691
2020/10/13, 12950.000000, 12952.000000, 12816.000000, 12915.000000, 98635
2020/10/14, 12940.000000, 12956.000000, 12871.000000, 12890.000000, 81057
2020/10/15, 12838.000000, 12892.000000, 12727.000000, 12840.000000, 126868
2020/10/16, 12818.000000, 12865.000000, 12718.000000, 12748.000000, 109644
2020/10/19, 12783.000000, 12912.000000, 12782.000000, 12893.000000, 95513
2020/10/20, 12892.000000, 12905.000000, 12844.000000, 12855.000000, 67480
2020/10/21, 12906.000000, 12946.000000, 12851.000000, 12860.000000, 54658
2020/10/22, 12729.000000, 12839.000000, 12707.000000, 12836.000000, 100532
2020/10/23, 12865.000000, 12883.000000, 12795.000000, 12838.000000, 78563
2020/10/26, 12848.000000, 12935.000000, 12820.000000, 12860.000000, 90476
2020/10/27, 12826.000000, 12833.000000, 12765.000000, 12808.000000, 81762
2020/10/28, 12780.000000, 12809.000000, 12713.000000, 12743.000000, 87331
2020/10/29, 12598.000000, 12640.000000, 12504.000000, 12603.000000, 118210
2020/10/30, 12545.000000, 12563.000000, 12407.000000, 12413.000000, 121262
2020/11/02, 12474.000000, 12531.000000, 12402.000000, 12516.000000, 97047
2020/11/03, 12611.000000, 12715.000000, 12602.000000, 12684.000000, 90446
2020/11/04, 12770.000000, 12879.000000, 12662.000000, 12864.000000, 149792
2020/11/05, 12924.000000, 12928.000000, 12821.000000, 12891.000000, 90543
2020/11/06, 12942.000000, 12991.000000, 12896.000000, 12937.000000, 100680
2020/11/09, 13090.000000, 13175.000000, 13046.000000, 13126.000000, 116402
2020/11/10, 13130.000000, 13154.000000, 13010.000000, 13071.000000, 109754
2020/11/11, 13101.000000, 13281.000000, 13077.000000, 13261.000000, 107482
2020/11/12, 13266.000000, 13305.000000, 13193.000000, 13226.000000, 89732
2020/11/13, 13227.000000, 13285.000000, 13163.000000, 13282.000000, 83665
2020/11/16, 13407.000000, 13582.000000, 13406.000000, 13579.000000, 99291
2020/11/17, 13656.000000, 13737.000000, 13603.000000, 13624.000000, 99847
2020/11/18, 13632.000000, 13788.000000, 13621.000000, 13756.000000, 65556
2020/11/19, 13732.000000, 13750.000000, 13662.000000, 13742.000000, 95222
2020/11/20, 13724.000000, 13737.000000, 13640.000000, 13733.000000, 85912
2020/11/23, 13790.000000, 13943.000000, 13788.000000, 13873.000000, 115032
2020/11/24, 13921.000000, 13928.000000, 13777.000000, 13799.000000, 88199
2020/11/25, 13886.000000, 13909.000000, 13692.000000, 13712.000000, 121641
2020/11/26, 13788.000000, 13862.000000, 13741.000000, 13839.000000, 96591
2020/11/27, 13781.000000, 13890.000000, 13763.000000, 13878.000000, 94121
2020/11/30, 13883.000000, 13975.000000, 13704.000000, 13720.000000, 133840
2020/12/01, 13818.000000, 13885.000000, 13751.000000, 13875.000000, 91149
2020/12/02, 13932.000000, 13980.000000, 13855.000000, 13955.000000, 109501
2020/12/03, 13971.000000, 14047.000000, 13903.000000, 13982.000000, 123415
2020/12/04, 14022.000000, 14149.000000, 14012.000000, 14133.000000, 107795
2020/12/07, 14181.000000, 14247.000000, 14087.000000, 14220.000000, 124595
2020/12/08, 14206.000000, 14350.000000, 14156.000000, 14340.000000, 109587
2020/12/09, 14372.000000, 14425.000000, 14331.000000, 14397.000000, 95553
2020/12/10, 14261.000000, 14314.000000, 14178.000000, 14237.000000, 124762
2020/12/11, 14290.000000, 14340.000000, 14091.000000, 14237.000000, 152473
2020/12/14, 14264.000000, 14285.000000, 14197.000000, 14201.000000, 96649
2020/12/15, 14162.000000, 14232.000000, 14030.000000, 14084.000000, 133830
2020/12/16, 14198.000000, 14328.000000, 14186.000000, 14323.000000, 69690
2020/12/17, 14220.000000, 14225.000000, 14085.000000, 14186.000000, 115652
2020/12/18, 14190.000000, 14222.000000, 14128.000000, 14136.000000, 89377
2020/12/21, 14155.000000, 14313.000000, 14021.000000, 14309.000000, 134408
2020/12/22, 14253.000000, 14334.000000, 14042.000000, 14046.000000, 135808
2020/12/23, 14104.000000, 14181.000000, 14031.000000, 14114.000000, 115118
2020/12/24, 14185.000000, 14287.000000, 14179.000000, 14242.000000, 105890
2020/12/25, 14328.000000, 14383.000000, 14245.000000, 14304.000000, 88382
2020/12/28, 14329.000000, 14444.000000, 14320.000000, 14436.000000, 81663
2020/12/29, 14465.000000, 14466.000000, 14376.000000, 14458.000000, 79140
2020/12/30, 14451.000000, 14643.000000, 14440.000000, 14636.000000, 97715
2020/12/31, 14678.000000, 14712.000000, 14604.000000, 14678.000000, 95250
2021/01/04, 14640.000000, 14925.000000, 14635.000000, 14873.000000, 136418
2021/01/05, 14874.000000, 14980.000000, 14836.000000, 14976.000000, 110544
2021/01/06, 15048.000000, 15140.000000, 14764.000000, 14911.000000, 232156
2021/01/07, 15050.000000, 15260.000000, 15024.000000, 15226.000000, 150594
2021/01/08, 15376.000000, 15473.000000, 15264.000000, 15451.000000, 157421
2021/01/11, 15420.000000, 15538.000000, 15369.000000, 15531.000000, 138052
2021/01/12, 15517.000000, 15605.000000, 15407.000000, 15489.000000, 174158
2021/01/13, 15557.000000, 15790.000000, 15555.000000, 15759.000000, 154127
2021/01/14, 15705.000000, 15766.000000, 15632.000000, 15727.000000, 119856
2021/01/15, 15950.000000, 16002.000000, 15584.000000, 15632.000000, 223759
2021/01/18, 15637.000000, 15679.000000, 15327.000000, 15608.000000, 177694
2021/01/19, 15714.000000, 15946.000000, 15710.000000, 15888.000000, 147332
2021/01/20, 15899.000000, 15964.000000, 15735.000000, 15766.000000, 118863
2021/01/21, 15803.000000, 16183.000000, 15769.000000, 16125.000000, 230909
2021/01/22, 16051.000000, 16085.000000, 15928.000000, 15977.000000, 160939
2021/01/25, 15956.000000, 16004.000000, 15719.000000, 15911.000000, 167677
2021/01/26, 15865.000000, 15974.000000, 15537.000000, 15628.000000, 228656
2021/01/27, 15725.000000, 15814.000000, 15585.000000, 15657.000000, 183160
2021/01/28, 15411.000000, 15524.000000, 15305.000000, 15382.000000, 201717
2021/01/29, 15498.000000, 15539.000000, 15070.000000, 15070.000000, 203165
2021/02/01, 15156.000000, 15398.000000, 15090.000000, 15362.000000, 163989
2021/02/02, 15469.000000, 15820.000000, 15459.000000, 15752.000000, 175219
2021/02/03, 15864.000000, 15875.000000, 15716.000000, 15773.000000, 140751
2021/02/04, 15721.000000, 15777.000000, 15542.000000, 15696.000000, 159312
2021/02/05, 15809.000000, 15984.000000, 15751.000000, 15802.000000, 158598
2021/02/17, 16261.000000, 16433.000000, 16179.000000, 16326.000000, 97721
2021/02/18, 16374.000000, 16525.000000, 16287.000000, 16380.000000, 152630
2021/02/19, 16301.000000, 16328.000000, 16130.000000, 16309.000000, 152523
2021/02/22, 16480.000000, 16564.000000, 16336.000000, 16382.000000, 151198
2021/02/23, 16223.000000, 16451.000000, 16182.000000, 16434.000000, 136215
2021/02/24, 16300.000000, 16435.000000, 16133.000000, 16181.000000, 178933
2021/02/25, 16388.000000, 16422.000000, 16243.000000, 16387.000000, 133867
2021/02/26, 16037.000000, 16118.000000, 15852.000000, 15931.000000, 197407
2021/03/02, 16249.000000, 16277.000000, 15868.000000, 15904.000000, 146154
2021/03/03, 16000.000000, 16196.000000, 15885.000000, 16179.000000, 151843
2021/03/04, 16025.000000, 16066.000000, 15756.000000, 15922.000000, 198456
2021/03/05, 15601.000000, 15914.000000, 15570.000000, 15847.000000, 167919
2021/03/08, 15950.000000, 16095.000000, 15767.000000, 15819.000000, 175185
2021/03/09, 15810.000000, 15848.000000, 15608.000000, 15822.000000, 170632
2021/03/10, 15977.000000, 15986.000000, 15808.000000, 15885.000000, 135501
2021/03/11, 15951.000000, 16214.000000, 15942.000000, 16169.000000, 134051
2021/03/12, 16276.000000, 16288.000000, 16155.000000, 16223.000000, 111293
2021/03/15, 16206.000000, 16249.000000, 16142.000000, 16199.000000, 104394
2021/03/16, 16250.000000, 16348.000000, 16213.000000, 16305.000000, 108989
2021/03/17, 16304.000000, 16336.000000, 16161.000000, 16177.000000, 70738
2021/03/18, 16255.000000, 16401.000000, 16220.000000, 16235.000000, 138552
2021/03/19, 16100.000000, 16110.000000, 15953.000000, 16010.000000, 149625
2021/03/22, 16018.000000, 16174.000000, 15911.000000, 16137.000000, 134411
2021/03/23, 16223.000000, 16277.000000, 16103.000000, 16119.000000, 116851
2021/03/24, 16019.000000, 16062.000000, 15939.000000, 15981.000000, 131597
2021/03/25, 15890.000000, 16090.000000, 15870.000000, 16030.000000, 136130
2021/03/26, 16095.000000, 16293.000000, 16081.000000, 16285.000000, 123617
2021/03/29, 16370.000000, 16485.000000, 16350.000000, 16408.000000, 112020
2021/03/30, 16469.000000, 16531.000000, 16418.000000, 16520.000000, 100761
2021/03/31, 16540.000000, 16549.000000, 16403.000000, 16423.000000, 103715
2021/04/01, 16535.000000, 16587.000000, 16452.000000, 16549.000000, 114810
2021/04/06, 16760.000000, 16840.000000, 16697.000000, 16728.000000, 103529
2021/04/07, 16777.000000, 16788.000000, 16673.000000, 16767.000000, 92977
2021/04/08, 16715.000000, 16930.000000, 16687.000000, 16927.000000, 111152
2021/04/09, 16952.000000, 16971.000000, 16810.000000, 16839.000000, 102569
2021/04/12, 16895.000000, 16965.000000, 16760.000000, 16835.000000, 112795
2021/04/13, 16910.000000, 17046.000000, 16780.000000, 16793.000000, 149762
2021/04/14, 16860.000000, 16917.000000, 16592.000000, 16857.000000, 184815
2021/04/15, 16881.000000, 17074.000000, 16852.000000, 17069.000000, 131402
2021/04/16, 17062.000000, 17160.000000, 16990.000000, 17156.000000, 123693
2021/04/19, 17118.000000, 17296.000000, 17111.000000, 17269.000000, 103693
2021/04/20, 17238.000000, 17324.000000, 17206.000000, 17320.000000, 98908
2021/04/21, 17225.000000, 17270.000000, 17150.000000, 17232.000000, 82241
2021/04/22, 17258.000000, 17369.000000, 17053.000000, 17106.000000, 189589
2021/04/23, 17061.000000, 17260.000000, 17041.000000, 17255.000000, 122622
2021/04/26, 17337.000000, 17536.000000, 17323.000000, 17526.000000, 127950
2021/04/27, 17532.000000, 17576.000000, 17460.000000, 17570.000000, 120396
2021/04/28, 17548.000000, 17563.000000, 17475.000000, 17533.000000, 101911
2021/04/29, 17578.000000, 17702.000000, 17531.000000, 17569.000000, 150269
2021/05/03, 17501.000000, 17534.000000, 17226.000000, 17254.000000, 184111
2021/05/04, 17271.000000, 17309.000000, 16668.000000, 16931.000000, 242616
2021/05/05, 16847.000000, 17020.000000, 16756.000000, 16765.000000, 156840
2021/05/06, 16884.000000, 17081.000000, 16700.000000, 16945.000000, 197276
2021/05/07, 17120.000000, 17288.000000, 17060.000000, 17283.000000, 142200
2021/05/10, 17369.000000, 17373.000000, 17178.000000, 17229.000000, 125035
2021/05/11, 16968.000000, 16970.000000, 16425.000000, 16561.000000, 244440
2021/05/12, 16503.000000, 16531.000000, 15027.000000, 15697.000000, 365411
2021/05/13, 15538.000000, 15991.000000, 15348.000000, 15566.000000, 233258
2021/05/14, 15800.000000, 16021.000000, 15653.000000, 15766.000000, 214588
2021/05/17, 15183.000000, 15735.000000, 15096.000000, 15263.000000, 256186
2021/05/18, 15563.000000, 16180.000000, 15501.000000, 16147.000000, 202938
2021/05/19, 16122.000000, 16248.000000, 15979.000000, 16137.000000, 114484
2021/05/20, 16078.000000, 16113.000000, 15854.000000, 15974.000000, 157622
2021/05/21, 16222.000000, 16425.000000, 16072.000000, 16259.000000, 183298
2021/05/24, 16079.000000, 16368.000000, 16069.000000, 16291.000000, 138208
2021/05/25, 16463.000000, 16623.000000, 16425.000000, 16584.000000, 144135
2021/05/26, 16616.000000, 16664.000000, 16504.000000, 16614.000000, 104478
2021/05/27, 16593.000000, 16595.000000, 16219.000000, 16533.000000, 149942
2021/05/28, 16731.000000, 16878.000000, 16673.000000, 16863.000000, 124066
2021/05/31, 16891.000000, 17098.000000, 16884.000000, 17011.000000, 143308
2021/06/01, 17050.000000, 17148.000000, 17015.000000, 17131.000000, 115114
2021/06/02, 17171.000000, 17198.000000, 17016.000000, 17102.000000, 120160
2021/06/03, 17253.000000, 17313.000000, 17147.000000, 17226.000000, 129589
2021/06/04, 17051.000000, 17159.000000, 17025.000000, 17103.000000, 108210
2021/06/07, 17212.000000, 17229.000000, 16719.000000, 17090.000000, 175647
2021/06/08, 17190.000000, 17198.000000, 17030.000000, 17090.000000, 102166
2021/06/09, 16997.000000, 17073.000000, 16889.000000, 16959.000000, 119873
2021/06/10, 17035.000000, 17175.000000, 16992.000000, 17157.000000, 125623
2021/06/11, 17189.000000, 17298.000000, 17189.000000, 17217.000000, 101771
2021/06/15, 17322.000000, 17402.000000, 17276.000000, 17397.000000, 95947
2021/06/16, 17324.000000, 17398.000000, 17033.000000, 17346.000000, 66466
2021/06/17, 17070.000000, 17298.000000, 17039.000000, 17295.000000, 101438
2021/06/18, 17315.000000, 17332.000000, 17212.000000, 17254.000000, 96037
2021/06/21, 17048.000000, 17149.000000, 16891.000000, 16963.000000, 141900
2021/06/22, 17155.000000, 17180.000000, 16988.000000, 17026.000000, 100063
2021/06/23, 17100.000000, 17319.000000, 17059.000000, 17267.000000, 126850
2021/06/24, 17298.000000, 17398.000000, 17261.000000, 17338.000000, 92443
2021/06/25, 17438.000000, 17562.000000, 17377.000000, 17423.000000, 113729
2021/06/28, 17484.000000, 17560.000000, 17398.000000, 17533.000000, 81297
